20
20
21
22
24
25
27
28
30
32
34
36
38
40
43
45
48
51
54
57
61
64
68
72
76
81
86
91
96
102
108
115
122
129
137
145
154
163
173
183
194
206
218
231
245
260
275
292
309
328
348
368
391
414
439
465
493
523
554
587
622
660
699
741
786
833
883
936
992
1052
1115
1182
1252
1328
1407
1492
1581
1676
1777
1883
1996
2116
2243
2377
2520
2671
2832
3001
3182
3372
3575
3789
4017
4258
4513
4784
5071
5375
5698
6040