5000
5300
5618
5955
6312
6691
7093
7518
7969
8447
8954
9491
10061
10665
11305
11983
12702
13464
14272
15128
16036
16998
18018
19099
20245
21459
22747
24112
25558
27092
28717
30441
32267
34203
36255
38430
40736
43180
45771
48518
51429
54514
57785
61252
64927
68823
72952
77330
81969
86888
92101
97627
103484
109693
116275
123252
130647
138486
146795
155602
164938
174835
185325
196444
208231
220725
233968
248006
262887
278660
295380
313102
331889
351802
372910
395285
419002
444142
470790
499038
528980
560719
594362
630024
667825
707895
750368
795390
843114
893701
947323
1004162
1064412
1128276
1195973
1267731
1343795
1424423
1509888