1	2	3	5	8		普通装备・未鉴定
1	2	3	5	8		精良装备・未鉴定
2	3	4	6	9		稀有装备・未鉴定
2	3	4	6	9		卓越装备・未鉴定
3	4	5	7	10		完美装备・未鉴定
3	4	5	7	10		史诗装备・未鉴定
4	5	6	9	12		传说装备・未鉴定
						
						
						
1	2	4	7	10		普通装备・未鉴定	衣服
2	3	5	8	11		精良装备・未鉴定
3	4	6	9	12		稀有装备・未鉴定
4	5	7	10	13		卓越装备・未鉴定
5	6	8	11	14		完美装备・未鉴定
6	7	9	12	15		史诗装备・未鉴定
7	8	10	13	16		传说装备・未鉴定
						
						
						
						
1	2	4	9	16		普通装备・未鉴定	武器
2	3	5	10	18		精良装备・未鉴定
3	4	6	11	20		稀有装备・未鉴定
4	5	7	12	22		卓越装备・未鉴定
5	6	8	13	24		完美装备・未鉴定
6	7	9	14	26		史诗装备・未鉴定
7	8	10	15	28		传说装备・未鉴定
