1	28	29	-1	1750	1280	0	8	0	1	100	0	200	90	140	0	0	0	0	0	0	1	0	1	0	1	
2	28	29	-1	1760	1280	0	8	0	1	100	0	200	90	140	0	0	0	0	0	0	1	0	1	0	1	
3	28	29	-1	1770	1280	0	8	0	1	100	0	200	90	140	0	0	0	0	0	0	1	0	1	0	1	
4	28	29	-1	1780	1280	0	8	0	1	100	0	200	90	140	0	0	0	0	0	0	1	0	1	0	1	
5	28	29	-1	1790	1280	0	8	0	1	100	0	200	90	140	0	0	0	0	0	0	1	0	1	0	1	
6	28	29	-1	1800	1280	0	8	0	1	100	0	200	90	140	0	0	0	0	0	0	1	0	1	0	1	
7	28	29	-1	1810	1280	0	8	0	1	100	0	200	90	140	0	0	0	0	0	0	1	0	1	0	1	
8	28	29	-1	1820	1280	0	8	0	1	100	0	200	90	140	0	0	0	0	0	0	1	0	1	0	1	
9	28	29	-1	1830	1280	0	8	0	1	100	0	200	90	140	0	0	0	0	0	0	1	0	1	0	1	
10	28	29	-1	1840	1280	0	8	0	1	100	0	200	90	140	0	0	0	0	0	0	1	0	1	0	1	
11	28	29	-1	1850	1280	0	8	0	1	100	0	200	90	140	0	0	0	0	0	0	1	0	1	0	1	
12	28	29	-1	1860	1280	0	8	0	1	100	0	200	90	140	0	0	0	0	0	0	1	0	1	0	1	
13	28	29	-1	1870	1280	0	8	0	1	100	0	200	90	140	0	0	0	0	0	0	1	0	1	0	1	
14	28	29	-1	1880	1280	0	8	0	1	100	0	200	90	140	0	0	0	0	0	0	1	0	1	0	1	
15	28	29	-1	1890	1280	0	8	0	1	100	0	200	90	140	0	0	0	0	0	0	1	0	1	0	1	
16	28	29	-1	1900	1280	0	8	0	1	100	0	200	90	140	0	0	0	0	0	0	1	0	1	0	1	
17	28	29	-1	1910	1280	0	8	0	1	100	0	200	90	140	0	0	0	0	0	0	1	0	1	0	1	
18	28	29	-1	1920	1280	0	8	0	1	100	0	200	90	140	0	0	0	0	0	0	1	0	1	0	1	
19	28	29	-1	1930	1280	0	8	0	1	100	0	200	90	140	0	0	0	0	0	0	1	0	1	0	1	
20	28	29	-1	1940	1280	0	8	0	1	100	0	200	90	140	0	0	0	0	0	0	1	0	1	0	1	
21	28	29	-1	1950	1280	0	8	0	1	100	0	200	90	140	0	0	0	0	0	0	1	0	1	0	1	
22	28	29	-1	1960	1280	0	8	0	1	100	0	200	90	140	0	0	0	0	0	0	1	0	1	0	1	
23	28	29	-1	1970	1280	0	8	0	1	100	0	200	90	140	0	0	0	0	0	0	1	0	1	0	1	
24	28	29	-1	1980	1280	0	8	0	1	100	0	200	90	140	0	0	0	0	0	0	1	0	1	0	1	
25	28	29	-1	1990	1280	0	8	0	1	100	0	200	90	140	0	0	0	0	0	0	1	0	1	0	1	
26	28	29	-1	2000	1280	0	8	0	1	100	0	200	90	140	0	0	0	0	0	0	1	0	1	0	1	
27	28	29	-1	2010	1280	0	8	0	1	100	0	200	90	140	0	0	0	0	0	0	1	0	1	0	1	
28	28	29	-1	2020	1280	0	8	0	1	100	0	200	90	140	0	0	0	0	0	0	1	0	1	0	1	
29	28	29	-1	2030	1280	0	8	0	1	100	0	200	90	140	0	0	0	0	0	0	1	0	1	0	1	
30	28	29	-1	2040	1280	0	8	0	1	100	0	200	90	140	0	0	0	0	0	0	1	0	1	0	1	
31	28	29	-1	2050	1280	0	8	0	1	100	0	200	90	140	0	0	0	0	0	0	1	0	1	0	1	
32	28	29	-1	2060	1280	0	8	0	1	100	0	200	90	140	0	0	0	0	0	0	1	0	1	0	1	
33	28	29	-1	2070	1280	0	8	0	1	100	0	200	90	140	0	0	0	0	0	0	1	0	1	0	1	
34	28	29	-1	2080	1280	0	8	0	1	100	0	200	90	140	0	0	0	0	0	0	1	0	1	0	1	
35	28	29	-1	2090	1280	0	8	0	1	100	0	200	90	140	0	0	0	0	0	0	1	0	1	0	1	
36	28	29	-1	2100	1280	0	8	0	1	100	0	200	90	140	0	0	0	0	0	0	1	0	1	0	1	
37	28	29	-1	2110	1280	0	8	0	1	100	0	200	90	140	0	0	0	0	0	0	1	0	1	0	1	
38	28	29	-1	2120	1280	0	8	0	1	100	0	200	90	140	0	0	0	0	0	0	1	0	1	0	1	
39	28	29	-1	2130	1280	0	8	0	1	100	0	200	90	140	0	0	0	0	0	0	1	0	1	0	1	
40	28	29	-1	2140	1280	0	8	0	1	100	0	200	90	140	0	0	0	0	0	0	1	0	1	0	1	
41	28	29	-1	2130	1280	0	8	0	1	100	0	200	90	140	0	0	0	0	0	0	1	0	1	0	1	
42	28	29	-1	2140	1280	0	8	0	1	100	0	200	90	140	0	0	0	0	0	0	1	0	1	0	1	
43	28	29	-1	2130	1280	0	8	0	1	100	0	200	90	140	0	0	0	0	0	0	1	0	1	0	1	
44	28	29	-1	2140	1280	0	8	0	1	100	0	200	90	140	0	0	0	0	0	0	1	0	1	0	1	
45	28	29	-1	2150	1280	0	8	0	1	100	0	200	90	140	0	0	0	0	0	0	1	0	1	0	1	
46	28	29	-1	2160	1280	0	8	0	1	100	0	200	90	140	0	0	0	0	0	0	1	0	1	0	1	
47	28	29	-1	2150	1280	0	8	0	1	100	0	200	90	140	0	0	0	0	0	0	1	0	1	0	1	
48	28	29	-1	2160	1280	0	8	0	1	100	0	200	90	140	0	0	0	0	0	0	1	0	1	0	1	
49	28	29	-1	2150	1280	0	8	0	1	100	0	200	90	140	0	0	0	0	0	0	1	0	1	0	1	
50	28	29	-1	2160	1280	0	8	0	1	100	0	200	90	140	0	0	0	0	0	0	1	0	1	0	1	
51	28	-1	-1	2170	0	0	8	0	1	100	0	200	90	140	0	0	0	0	0	0	0	0	1	0	0	
52	28	-1	-1	2180	0	0	8	0	1	100	0	200	90	140	0	0	0	0	0	0	0	0	1	0	0	
53	28	-1	-1	2190	0	0	8	0	1	100	0	200	90	140	0	0	0	0	0	0	0	0	1	0	0	
54	28	-1	-1	2200	0	0	8	0	1	100	0	200	90	140	0	0	0	0	0	0	0	0	1	0	0	
55	28	-1	-1	2210	0	0	8	0	1	100	0	200	90	140	0	0	0	0	0	0	0	0	1	0	0	
56	28	-1	-1	2220	0	0	8	0	1	100	0	200	90	140	0	0	0	0	0	0	0	0	1	0	0	
57	28	-1	-1	2230	0	0	8	0	1	100	0	200	90	140	0	0	0	0	0	0	0	0	1	0	0	
58	28	-1	-1	2240	0	0	8	0	1	100	0	200	90	140	0	0	0	0	0	0	0	0	1	0	0	
59	28	-1	-1	2250	0	0	8	0	1	100	0	200	90	140	0	0	0	0	0	0	0	0	1	0	0	
60	28	-1	-1	2260	0	0	8	0	1	100	0	200	90	140	0	0	0	0	0	0	0	0	1	0	0	
61	28	-1	-1	2270	0	0	8	0	1	100	0	200	90	140	0	0	0	0	0	0	0	0	1	0	0	
62	28	-1	-1	2280	0	0	8	0	1	100	0	200	90	140	0	0	0	0	0	0	0	0	1	0	0	
63	28	-1	-1	2290	0	0	8	0	1	100	0	200	90	140	0	0	0	0	0	0	0	0	1	0	0	
64	28	-1	-1	2300	0	0	8	0	1	100	0	200	90	140	0	0	0	0	0	0	0	0	1	0	0	
65	28	-1	-1	2310	0	0	8	0	1	100	0	200	90	140	0	0	0	0	0	0	0	0	1	0	0	
66	28	-1	-1	2320	0	0	8	0	1	100	0	200	90	140	0	0	0	0	0	0	0	0	1	0	0	
67	28	-1	-1	2330	0	0	8	0	1	100	0	200	90	140	0	0	0	0	0	0	0	0	1	0	0	
68	28	-1	-1	2340	0	0	8	0	1	100	0	200	90	140	0	0	0	0	0	0	0	0	1	0	0	
69	28	-1	-1	2350	0	0	8	0	1	100	0	200	90	140	0	0	0	0	0	0	0	0	1	0	0	
70	28	-1	-1	2360	0	0	8	0	1	100	0	200	90	140	0	0	0	0	0	0	0	0	1	0	0	
71	28	-1	-1	2370	0	0	8	0	1	100	0	200	90	140	0	0	0	0	0	0	0	0	1	0	0	
72	28	-1	-1	2380	0	0	8	0	1	100	0	200	90	140	0	0	0	0	0	0	0	0	1	0	0	
73	28	-1	-1	2390	0	0	8	0	1	100	0	200	90	140	0	0	0	0	0	0	0	0	1	0	0	
74	28	-1	-1	2400	0	0	8	0	1	100	0	200	90	140	0	0	0	0	0	0	0	0	1	0	0	
75	28	-1	-1	2410	0	0	8	0	1	100	0	200	90	140	0	0	0	0	0	0	0	0	1	0	0	
76	28	-1	-1	2750	0	0	10	0	1	100	0	200	90	-30	0	0	0	0	0	0	0	0	1	0	0					
77	28	-1	-1	2780	0	0	10	0	1	100	0	200	72	-15	0	0	0	0	0	0	0	0	1	0	0					
78	28	-1	-1	2820	0	0	10	0	1	100	0	200	90	-40	0	0	0	0	0	0	0	0	1	0	0					
79	28	-1	-1	2860	0	0	10	0	1	100	0	200	75	-30	0	0	0	0	0	0	0	0	1	0	0					
80	28	-1	-1	2890	0	0	10	0	1	100	0	200	90	70	0	0	0	0	0	0	0	0	1	0	0					
81	28	-1	-1	2920	0	0	10	0	1	100	0	200	45	-85	0	0	0	0	0	0	0	0	1	0	0					
82	28	-1	-1	2950	0	0	10	0	1	100	0	200	90	70	0	0	0	0	0	0	0	0	1	0	0					
83	28	-1	-1	2990	0	0	10	0	1	100	0	200	65	72	0	0	0	0	0	0	0	0	1	0	0					
84	28	-1	-1	3030	0	0	10	0	1	100	0	200	90	-20	0	0	0	0	0	0	0	0	1	0	0					
85	28	-1	-1	3070	0	0	10	0	1	100	0	200	70	-34	0	0	0	0	0	0	0	0	1	0	0					
86	28	-1	-1	3100	0	0	10	0	1	100	0	200	80	-10	0	0	0	0	0	0	0	0	1	0	0					
87	28	-1	-1	3130	0	0	10	0	1	100	0	200	65	-10	0	0	0	0	0	0	0	0	1	0	0					
99	1	-1	-1	1480	0	0	10	0	1	100	0	200	-113	2	0	0	0	0	0	0	0	0	1	0	0	
100	28	-1	-1	1180	0	0	12	0	1	200	0	200	-18	-18	0	0	0	0	1	0	0	0	1	0	0	
101	28	-1	-1	1192	0	0	12	0	1	200	0	200	-18	-18	0	0	0	0	1	0	0	0	1	0	0	
102	28	-1	-1	1204	0	0	12	0	1	200	0	200	-18	-18	0	0	0	0	1	0	0	0	1	0	0	
103	28	-1	-1	1216	0	0	10	0	1	200	0	200	-18	-18	0	0	0	0	1	0	0	0	1	0	0	
104	28	-1	-1	1226	0	0	11	0	1	200	0	200	-18	-18	0	0	0	0	1	0	0	0	1	0	0	
105	28	-1	-1	1237	0	0	12	0	1	200	0	200	-18	-18	0	0	0	0	1	0	0	0	1	0	0	
106	28	-1	-1	1249	0	0	12	0	1	200	0	200	-18	-18	0	0	0	0	1	0	0	0	1	0	0	
107	28	-1	-1	1261	0	0	12	0	1	200	0	200	-18	-18	0	0	0	0	1	0	0	0	1	0	0	
108	28	-1	-1	1273	0	0	12	0	1	200	0	200	-18	-18	0	0	0	0	1	0	0	0	1	0	0	
109	28	-1	-1	1285	0	0	11	0	1	200	0	200	-18	-18	0	0	0	0	1	0	0	0	1	0	0	
110	28	-1	-1	1296	0	0	8	0	1	200	0	200	-35	-40	0	0	0	0	1	0	0	0	1	0	0	
111	28	-1	-1	1304	0	0	8	0	1	200	0	200	-35	-40	0	0	0	0	1	0	0	0	1	0	0	
112	28	-1	-1	1312	0	0	8	0	1	200	0	200	-35	-40	0	0	0	0	1	0	0	0	1	0	0	
113	28	-1	-1	1320	0	0	10	0	1	200	0	200	-35	-40	0	0	0	0	1	0	0	0	1	0	0	
114	28	-1	-1	1330	0	0	8	0	1	200	0	200	-35	-40	0	0	0	0	1	0	0	0	1	0	0	
115	28	-1	-1	1338	0	0	8	0	1	200	0	200	-35	-40	0	0	0	0	1	0	0	0	1	0	0	
116	28	-1	-1	1346	0	0	8	0	1	200	0	200	-35	-40	0	0	0	0	1	0	0	0	1	0	0	
117	28	-1	-1	1354	0	0	8	0	1	200	0	200	-35	-40	0	0	0	0	1	0	0	0	1	0	0	
118	28	-1	-1	1362	0	0	8	0	1	200	0	200	-35	-40	0	0	0	0	1	0	0	0	1	0	0	
119	28	-1	-1	1370	0	0	7	0	1	200	0	200	-35	-40	0	0	0	0	1	0	0	0	1	0	0	
120	28	-1	-1	1377	0	0	8	0	1	200	0	200	-22	-32	0	0	0	0	1	0	0	0	1	0	0	
121	28	-1	-1	1385	0	0	8	0	1	200	0	200	-22	-32	0	0	0	0	1	0	0	0	1	0	0	
122	28	-1	-1	1393	0	0	8	0	1	200	0	200	-22	-32	0	0	0	0	1	0	0	0	1	0	0	
123	28	-1	-1	1401	0	0	8	0	1	200	0	200	-22	-32	0	0	0	0	1	0	0	0	1	0	0	
124	28	-1	-1	1409	0	0	8	0	1	200	0	200	-22	-32	0	0	0	0	1	0	0	0	1	0	0	
125	28	-1	-1	1417	0	0	8	0	1	200	0	200	-22	-32	0	0	0	0	1	0	0	0	1	0	0	
126	28	-1	-1	1425	0	0	8	0	1	200	0	200	-22	-32	0	0	0	0	1	0	0	0	1	0	0	
127	28	-1	-1	1433	0	0	8	0	1	200	0	200	-22	-32	0	0	0	0	1	0	0	0	1	0	0	
128	28	-1	-1	1441	0	0	8	0	1	200	0	200	-22	-32	0	0	0	0	1	0	0	0	1	0	0	
129	28	-1	-1	1449	0	0	8	0	1	200	0	200	-22	-32	0	0	0	0	1	0	0	0	1	0	0	
130	28	-1	-1	1457	0	0	8	0	1	200	0	200	-18	-20	0	0	0	0	1	0	0	0	1	0	0	
131	28	-1	-1	1465	0	0	8	0	1	200	0	200	-18	-20	0	0	0	0	1	0	0	0	1	0	0	
132	28	-1	-1	1473	0	0	8	0	1	200	0	200	-18	-20	0	0	0	0	1	0	0	0	1	0	0	
133	28	-1	-1	1481	0	0	12	0	1	200	0	200	-18	-20	0	0	0	0	1	0	0	0	1	0	0	
134	28	-1	-1	1493	0	0	22	0	1	200	0	200	-18	-20	0	0	0	0	1	0	0	0	1	0	0	
135	28	-1	-1	1516	0	0	24	0	1	200	0	200	-18	-20	0	0	0	0	1	0	0	0	1	0	0	
136	28	-1	-1	1540	0	0	8	0	1	200	0	200	-18	-20	0	0	0	0	1	0	0	0	1	0	0	
137	28	-1	-1	1548	0	0	12	0	1	200	0	200	-18	-20	0	0	0	0	1	0	0	0	1	0	0	
138	28	-1	-1	1560	0	0	8	0	1	200	0	200	-18	-20	0	0	0	0	1	0	0	0	1	0	0	
139	28	-1	-1	1568	0	0	8	0	1	200	0	200	-18	-20	0	0	0	0	1	0	0	0	1	0	0	
140	29	-1	-1	540	0	0	24	0	1	35	0	200	51	-10	0	0	0	0	0	0	0	0	1	0	0	
141	29	-1	-1	630	0	0	24	0	1	35	0	200	51	-10	0	0	0	0	0	0	0	0	1	0	0	
142	29	-1	-1	720	0	0	24	0	1	35	0	200	51	-10	0	0	0	0	0	0	0	0	1	0	0	
143	29	-1	-1	750	0	0	24	0	1	35	0	200	51	-10	0	0	0	0	0	0	0	0	1	0	0	
144	29	-1	-1	780	0	0	24	0	1	35	0	200	51	-10	0	0	0	0	0	0	0	0	1	0	0	
145	29	-1	-1	810	0	0	24	0	1	35	0	200	51	-10	0	0	0	0	0	0	0	0	1	0	0	
146	29	-1	-1	840	0	0	24	0	1	35	0	200	51	-10	0	0	0	0	0	0	0	0	1	0	0	
147	29	-1	-1	870	0	0	24	0	1	35	0	200	51	-10	0	0	0	0	0	0	0	0	1	0	0	
148	29	-1	-1	900	0	0	24	0	1	35	0	200	51	-10	0	0	0	0	0	0	0	0	1	0	0	
149	29	-1	-1	930	0	0	24	0	1	35	0	200	51	-10	0	0	0	0	0	0	0	0	1	0	0	
150	12	-1	12	1600	0	1600	10	0	10	200	0	200	-8	-10	0	0	-6	-8	1	1	0	0	1	1	0	
151	12	-1	-1	1653	0	0	10	0	1	200	0	200	-10	-10	0	0	0	0	1	1	0	0	0	0	0	
152	12	-1	12	1633	0	1633	10	0	10	200	0	200	-10	-10	0	0	-10	-10	1	1	0	0	0	0	0	
154	12	-1	12	1550	0	1550	10	0	10	200	0	200	0	0	0	0	0	0	0	0	0	0	0	0	0	
155	12	-1	12	1600	0	1600	10	0	10	200	0	200	0	0	0	0	0	0	0	0	0	0	0	0	0	
160	28	-1	-1	354	0	0	6	0	1	200	0	200	0	0	0	0	0	0	0	0	0	0	1	1	0	
161	28	-1	-1	342	0	0	6	0	1	200	0	200	0	0	0	0	0	0	0	0	0	0	1	1	0	
162	28	-1	-1	336	0	0	6	0	1	200	0	200	0	0	0	0	0	0	0	0	0	0	1	1	0	
163	28	-1	-1	224	0	0	12	0	1	200	0	200	0	0	0	0	0	0	0	0	0	0	1	1	0	
164	28	-1	-1	248	0	0	12	0	1	200	0	200	0	0	0	0	0	0	0	0	0	0	1	1	0	
165	28	-1	-1	236	0	0	12	0	1	200	0	200	0	0	0	0	0	0	0	0	0	0	1	1	0	
166	28	-1	-1	212	0	0	12	0	1	200	0	200	0	0	0	0	0	0	0	0	0	0	1	1	0	
167	28	-1	-1	284	0	0	12	0	1	200	0	200	0	0	0	0	0	0	0	0	0	0	1	1	0	
168	28	-1	-1	200	0	0	12	0	1	200	0	200	0	0	0	0	0	0	0	0	0	0	1	1	0	
169	28	-1	-1	260	0	0	12	0	1	200	0	200	0	0	0	0	0	0	0	0	0	0	1	1	0	
170	28	-1	-1	272	0	0	12	0	1	200	0	200	0	0	0	0	0	0	0	0	0	0	1	1	0	
171	12	-1	12	1550	0	1550	10	0	10	200	0	200	0	0	0	0	0	0	0	0	0	0	1	1	0	
172	12	-1	12	1570	0	1570	10	0	10	200	0	200	0	0	0	0	0	0	0	0	0	0	1	1	0	
173	12	-1	12	1590	0	1590	10	0	10	200	0	200	0	0	0	0	0	0	0	0	0	0	1	1	0	
174	12	-1	12	1600	0	1600	10	0	10	200	0	200	0	0	0	0	0	0	0	0	0	0	1	1	0	
175	12	-1	12	1610	0	1610	10	0	10	200	0	200	0	0	0	0	0	0	0	0	0	0	1	1	0	
176	12	-1	12	1560	0	1560	10	0	10	200	0	200	0	0	0	0	0	0	0	0	0	0	1	1	0	
177	12	-1	12	1540	0	1540	10	0	10	200	0	200	0	0	0	0	0	0	0	0	0	0	1	1	0	
178	28	-1	-1	236	0	0	12	0	1	200	0	200	0	0	0	0	0	0	0	0	0	0	1	1	0	
179	28	-1	-1	200	0	0	12	0	1	200	0	200	0	0	0	0	0	0	0	0	0	0	1	1	0	
180	28	-1	-1	212	0	0	12	0	1	200	0	200	0	0	0	0	0	0	0	0	0	0	1	1	0	
181	28	-1	-1	224	0	0	12	0	1	200	0	200	0	0	0	0	0	0	0	0	0	0	1	1	0	
182	28	-1	-1	260	0	0	12	0	1	200	0	200	0	0	0	0	0	0	0	0	0	0	1	1	0	
183	67	-1	-1	204	0	0	12	0	1	200	0	200	0	0	0	0	0	0	0	0	0	0	1	1	0	
184	67	-1	-1	144	0	0	12	0	1	200	0	200	0	0	0	0	0	0	0	0	0	0	1	1	0	
185	67	-1	-1	392	0	0	12	0	1	200	0	200	0	0	0	0	0	0	0	0	0	0	1	1	0	
186	67	-1	-1	132	0	0	12	0	1	200	0	200	10	0	0	0	0	0	0	0	0	0	1	1	0	
187	68	-1	-1	708	0	0	12	0	1	200	0	200	-150	-160	0	0	0	0	0	0	0	0	1	1	0	
188	68	69	-1	336	34800	0	12	0	1	200	0	200	-150	-160	0	0	0	0	0	0	0	0	1	1	1	
189	68	-1	-1	552	0	0	12	0	1	200	0	200	0	0	0	0	0	0	0	0	0	0	1	1	0	
190	68	-1	-1	979	0	0	12	0	1	200	0	200	0	0	0	0	0	0	0	0	0	0	1	1	0	
191	68	-1	-1	348	0	0	12	0	1	200	0	200	-150	-160	0	0	0	0	0	0	0	0	1	1	0	
192	68	-1	-1	720	0	0	12	0	1	200	0	200	-150	-160	0	0	0	0	0	0	0	0	1	1	0	
193	68	-1	-1	804	0	0	12	0	1	200	0	200	-150	-160	0	0	0	0	0	0	0	0	1	1	0	
194	68	-1	-1	999	0	0	15	0	1	200	0	200	70	0	0	0	0	0	0	0	0	0	1	1	0	
195	68	-1	-1	1015	0	0	15	0	1	200	0	200	70	0	0	0	0	0	0	0	0	0	1	1	0	
196	67	-1	-1	421	0	0	8	0	1	200	0	200	0	0	0	0	0	0	0	0	0	0	1	1	0	
197	67	-1	-1	156	0	0	12	0	1	200	0	200	0	0	0	0	0	0	0	0	0	0	1	1	0	
198	68	-1	-1	180	0	0	12	0	1	200	0	200	-120	-140	0	0	0	0	0	0	0	0	1	1	0	
199	68	-1	-1	552	0	0	12	0	1	200	0	200	-150	-160	0	0	0	0	0	0	0	0	1	1	0	
200	68	-1	-1	0	0	0	12	0	1	200	0	200	-150	-160	0	0	0	0	0	0	0	0	1	1	0	
201	28	-1	-1	3150	0	0	18	0	1	200	0	200	0	0	0	0	0	0	0	0	0	0	1	1	0	
202	28	-1	-1	3168	0	0	18	0	1	200	0	200	0	0	0	0	0	0	0	0	0	0	1	1	0	
203	28	-1	-1	3186	0	0	20	0	1	200	0	200	-170	-160	0	0	0	0	0	0	0	0	1	1	0	
204	28	-1	-1	3398	0	0	20	0	1	200	0	200	-149	-221	0	0	0	0	0	0	0	0	1	1	0	
205	28	-1	-1	3418	0	0	20	0	1	200	0	200	-203	-264	0	0	0	0	0	0	0	0	1	1	0	
206	28	-1	-1	3438	0	0	20	0	1	200	0	200	-200	-277	0	0	0	0	0	0	0	0	1	1	0	
207	28	-1	-1	3458	0	0	20	0	1	200	0	200	-203	-263	0	0	0	0	0	0	0	0	1	1	0	
208	28	-1	-1	3498	0	0	20	0	1	200	0	200	0	0	0	0	0	0	0	0	0	0	1	1	0	
209	28	-1	-1	3518	0	0	24	0	1	200	0	200	10	-60	0	0	0	0	0	0	0	0	1	1	0	
210	28	-1	-1	3542	0	0	24	0	1	200	0	200	10	-60	0	0	0	0	0	0	0	0	1	1	0	
211	28	-1	-1	3566	0	0	24	0	1	200	0	200	15	-40	0	0	0	0	0	0	0	0	1	1	0	
212	28	-1	-1	3590	0	0	20	0	1	200	0	200	10	-40	0	0	0	0	0	0	0	0	1	1	0	
213	28	-1	-1	3612	0	0	20	0	1	200	0	200	0	0	0	0	0	0	0	0	0	0	1	1	0	
214	28	-1	-1	3632	0	0	20	0	1	200	0	200	0	0	0	0	0	0	0	0	0	0	1	1	0	
215	86	-1	-1	1180	0	0	12	0	1	200	0	200	0	0	0	0	0	0	0	0	0	0	1	1	0	
216	86	-1	-1	1192	0	0	12	0	1	200	0	200	0	0	0	0	0	0	0	0	0	0	1	1	0	
217	86	-1	-1	1204	0	0	12	0	1	200	0	200	0	0	0	0	0	0	0	0	0	0	1	1	0	
218	86	-1	-1	1216	0	0	12	0	1	200	0	200	0	0	0	0	0	0	0	0	0	0	1	1	0	
219	86	-1	-1	1226	0	0	8	0	1	200	0	200	0	0	0	0	0	0	0	0	0	0	1	1	0	
220	86	-1	-1	1237	0	0	12	0	1	200	0	200	0	0	0	0	0	0	0	0	0	0	1	1	0	
221	86	-1	-1	1249	0	0	12	0	1	200	0	200	0	0	0	0	0	0	0	0	0	0	1	1	0	
222	86	-1	-1	1261	0	0	12	0	1	200	0	200	0	0	0	0	0	0	0	0	0	0	1	1	0	
223	86	-1	-1	1273	0	0	12	0	1	200	0	200	0	0	0	0	0	0	0	0	0	0	1	1	0	
224	86	-1	-1	1285	0	0	12	0	1	200	0	200	0	0	0	0	0	0	0	0	0	0	1	1	0	
225	86	-1	-1	1304	0	0	8	0	1	200	0	200	0	0	0	0	0	0	0	0	0	0	1	1	0	
226	86	-1	-1	1312	0	0	8	0	1	200	0	200	0	0	0	0	0	0	0	0	0	0	1	1	0	
227	86	-1	-1	1320	0	0	8	0	1	200	0	200	0	0	0	0	0	0	0	0	0	0	1	1	0	
228	86	-1	-1	1330	0	0	8	0	1	200	0	200	0	0	0	0	0	0	0	0	0	0	1	1	0	
229	86	-1	-1	1338	0	0	8	0	1	200	0	200	0	0	0	0	0	0	0	0	0	0	1	1	0	
230	86	-1	-1	1346	0	0	8	0	1	200	0	200	0	0	0	0	0	0	0	0	0	0	1	1	0	
231	86	-1	-1	1354	0	0	8	0	1	200	0	200	0	0	0	0	0	0	0	0	0	0	1	1	0	
232	86	-1	-1	1362	0	0	8	0	1	200	0	200	0	0	0	0	0	0	0	0	0	0	1	1	0	
233	86	-1	-1	1465	0	0	8	0	1	200	0	200	0	0	0	0	0	0	0	0	0	0	1	1	0	
234	86	-1	-1	1473	0	0	8	0	1	200	0	200	0	0	0	0	0	0	0	0	0	0	1	1	0	
236	86	-1	-1	1481	0	0	12	0	1	200	0	200	0	0	0	0	0	0	0	0	0	0	1	1	0	
237	86	-1	-1	1493	0	0	12	0	1	200	0	200	0	0	0	0	0	0	0	0	0	0	1	1	0	
238	86	-1	-1	1516	0	0	12	0	1	200	0	200	0	0	0	0	0	0	0	0	0	0	1	1	0	
239	86	-1	-1	1540	0	0	8	0	1	200	0	200	0	0	0	0	0	0	0	0	0	0	1	1	0	
240	86	-1	-1	1548	0	0	8	0	1	200	0	200	0	0	0	0	0	0	0	0	0	0	1	1	0	
241	86	-1	-1	1560	0	0	8	0	1	200	0	200	0	0	0	0	0	0	0	0	0	0	1	1	0	
242	86	-1	-1	1568	0	0	8	0	1	200	0	200	0	0	0	0	0	0	0	0	0	0	1	1	0	
243	86	-1	-1	1377	0	0	8	0	1	200	0	200	0	0	0	0	0	0	0	0	0	0	1	1	0	
244	86	-1	-1	1385	0	0	8	0	1	200	0	200	0	0	0	0	0	0	0	0	0	0	1	1	0	
245	86	-1	-1	1393	0	0	8	0	1	200	0	200	0	0	0	0	0	0	0	0	0	0	1	1	0	
246	86	-1	-1	1401	0	0	8	0	1	200	0	200	0	0	0	0	0	0	0	0	0	0	1	1	0	
247	86	-1	-1	1409	0	0	8	0	1	200	0	200	0	0	0	0	0	0	0	0	0	0	1	1	0	
248	86	-1	-1	1409	0	0	8	0	1	200	0	200	0	0	0	0	0	0	0	0	0	0	1	1	0	
249	86	-1	-1	1425	0	0	8	0	1	200	0	200	0	0	0	0	0	0	0	0	0	0	1	1	0	
250	86	-1	-1	1433	0	0	8	0	1	200	0	200	0	0	0	0	0	0	0	0	0	0	1	1	0	
251	86	-1	-1	1441	0	0	8	0	1	200	0	200	0	0	0	0	0	0	0	0	0	0	1	1	0	
252	86	-1	-1	1449	0	0	8	0	1	200	0	200	0	0	0	0	0	0	0	0	0	0	1	1	0	
253	86	-1	-1	1457	0	0	8	0	1	200	0	200	0	0	0	0	0	0	0	0	0	0	1	1	0	
254	86	-1	-1	1465	0	0	8	0	1	200	0	200	0	0	0	0	0	0	0	0	0	0	1	1	0	
255	86	-1	-1	1473	0	0	8	0	1	200	0	200	0	0	0	0	0	0	0	0	0	0	1	1	0	
256	28	-1	-1	3478	0	0	20	0	1	200	0	200	-200	-261	0	0	0	0	0	0	0	0	1	1	0	
