2	金创药(小量)	0	1	1	1
2	魔法药(小量)	0	1	1	1
1	肉	0	1	1	1
2	干肉	0	1	1	1
1	火球术	0	1	1	1
1	治愈术	0	1	1	1
1	基本剑术	0	1	1	1
7	蜡烛	0	1	1	1
1	精神力战法	0	1	1	1
1	大火球	0	1	1	1
1	攻杀剑术	0	1	1	1
1	施毒术	0	1	1	1
1	食人树叶	0	1	1	1
1	毒蜘蛛牙齿	0	1	1	1
1	食人树果实	0	1	1	1
1	蝎子尾巴	0	1	1	1
1	蛆卵	0	1	1	1
2	灰色药粉(少量)	0	1	1	1
2	黄色药粉(少量)	0	1	1	1
2	灰色药粉(中量)	0	1	1	1
2	灰色药粉(大量)	0	1	1	1
2	黄色药粉(中量)	0	1	1	1
2	黄色药粉(大量)	0	1	1	1
2	金创药(中量)	0	1	1	1
2	魔法药(中量)	0	1	1	1
2	护身符	0	1	1	1
1	铜矿	0	1	1	1
1	铁矿	0	1	1	1
1	银矿	0	1	1	1
1	金矿	0	1	1	1
1	战神油	0	1	1	1
1	回城卷	0	1	1	1
1	祝福油	0	1	1	1
4	乌木剑	0	1	1	1
4	八荒	0	1	1	1
1	沃玛号角	0	1	1	1
4	半月	0	1	1	1
4	鹤嘴锄	0	1	1	1
2	三职业技能	0	1	1	1
1	施毒术	0	1	1	1
1	护体神盾	0	1	1	1
2	战士技能	0	1	1	1
1	逐日剑法	0	1	1	1
1	擒龙手	0	1	1	1
1	开天斩	0	1	1	1
1	十步一杀	0	1	1	1
1	烈火剑法	0	1	1	1
1	四级烈火	0	1	1	1
1	魔法盾	0	1	1	1
1	群体施毒术	0	1	1	1
1	死亡之眼	0	1	1	1
1	神武术	0	1	1	1
2	0	1	1	1	0
2	太阳水	0	1	1	1
1	祖玛头像	0	1	1	1
1	介绍信	0	1	1	1
1	随机传送卷	0	1	1	1
1	行会回城卷	0	1	1	1
1	修复油	0	1	1	1
2	强效金创药	0	1	1	1
2	强效魔法药	0	1	1	1
1	超级金创药	0	1	1	1
1	超级魔法药	0	1	1	1
2	强效太阳水	0	1	1	1
1	骰子	0	1	1	1
1	佛牌	0	1	1	1
1	黑铁矿石	0	1	1	1
1	彩票	0	1	1	1
2	特殊药水	0	1	1	1
1	药剂师的信	0	1	1	1
1	金条	0	1	1	1
2	鹿血	0	1	1	1
2	神水	0	1	1	1
1	筹码	0	1	1	1
2	神秘药水	0	1	1	1
1	金创药(小)包	0	1	1	1
1	魔法药(小)包	0	1	1	1
1	金创药(中)包	0	1	1	1
1	魔法药(中)包	0	1	1	1
1	地牢逃脱卷包	0	1	1	1
1	随机传送卷包	0	1	1	1
1	回城卷包	0	1	1	1
1	行会回城卷包	0	1	1	1
1	筹码包	0	1	1	1
1	金砖	0	1	1	1
1	苹果	0	1	1	1
2	护身符(大)	0	1	1	1
1	红名清洗卡	0	1	1	1
1	玛雅传送卡	0	1	1	1
1	千里传音(小)	0	1	1	1
1	记路标石	0	1	1	1
2	九珠连环炮	0	1	1	1
2	盟重传送石	0	1	1	1
1	比奇传送石	0	1	1	1
1	苍月传送石	0	1	1	1
1	封魔传送石	0	1	1	1
2	随机传送石	0	1	1	1
1	个性发型	0	1	1	1
1	反璞归真	0	1	1	1
1	表情卡	0	1	1	1
1	千里传音(大)	0	1	1	1
2	修复神水	0	1	1	1
1	移动仓库	0	1	1	1
2	一心一意	0	1	1	1
2	心心相印	0	1	1	1
2	飞火流星	0	1	1	1
2	浪漫星雨	0	1	1	1
2	绮梦幻想	0	1	1	1
2	长空火舞	0	1	1	1
2	如雾似梦	0	1	1	1
1	一心一意包	0	1	1	1
1	心心相印包	0	1	1	1
1	飞火流星包	0	1	1	1
1	浪漫星雨包	0	1	1	1
1	绮梦幻想包	0	1	1	1
1	长空火舞包	0	1	1	1
1	如雾似梦包	0	1	1	1
1	强效太阳包	0	1	1	1
2	传送符	0	1	1	1
1	乾坤斗笠(永久)	0	1	1	1
1	风雷召唤令	0	1	1	1
1	乾坤斗笠(限时)	0	1	1	1
2	庆典蛋糕	0	1	1	1
1	五级真气	0	1	1	1
1	超级祝福油	0	1	1	1
1	祝福罐	0	1	1	1
2	万年雪霜	0	1	1	1
1	万年雪霜包	0	1	1	1
1	项链幸运+5卷	0	1	1	1
1	项链幸运+4卷	0	1	1	1
1	项链幸运+3卷	0	1	1	1
1	项链幸运+2卷	0	1	1	1
1	项链幸运+1卷	0	1	1	1
1	初入江湖功勋	0	1	1	1
1	超级大礼包	0	1	1	1
1	100元充值积分	0	1	1	1
1	10元宝	0	1	1	1
1	20元宝	0	1	1	1
1	50元宝	0	1	1	1
1	100元宝	0	1	1	1
1	500元宝	0	1	1	1
1	1000元宝	0	1	1	1
1	2000元宝	0	1	1	1
1	5000元宝	0	1	1	1
1	10000元宝	0	1	1	1
1	五级天书	0	1	1	1
1	装备重生石	0	1	1	1
1	书页	0	1	1	1
1	大量元宝	0	1	1	1
1	超级传音筒	0	1	1	1
1	VIP会员	0	1	1	1
2	冰山雪莲	0	1	1	1
1	人民币	0	1	1	1
1	定位神符	0	1	1	1
2	冰霜雪莲	0	1	1	1
1	冰霜雪莲包	0	1	1	1
1	100000元宝	0	1	1	1
1	木材	0	1	1	1
1	指环碎片	0	1	1	1
1	500W经验卷	0	1	1	1
1	1000W经验卷	0	1	1	1
1	2000W经验卷	0	1	1	1
1	血玉碎片	0	1	1	1
1	指环碎片	0	1	1	1
1	生肖原石	0	1	1	1
1	装备精华	0	1	1	1
1	盾牌升级石	0	1	1	1
1	装备强化石	0	1	1	1
1	幸运+9项链	0	1	1	1
1	幸运+9武器	0	1	1	1
1	经验	0	1	1	1
1	1元RMB	0	1	1	1
1	2元RMB	0	1	1	1
1	5元RMB	0	1	1	1
1	10元RMB	0	1	1	1
1	20元RMB	0	1	1	1
1	50元RMB	0	1	1	1
1	100元RMB	0	1	1	1
1	管理令牌	0	1	1	1
2	0	0	1	1	1
2	新手血石	0	1	1	1
2	一级血石	0	1	1	1
2	二级血石	0	1	1	1
2	三级血石	0	1	1	1
2	四级血石	0	1	1	1
2	五级血石	0	1	1	1
2	终级血石	0	1	1	1
2	占位血石	0	1	1	1
2	占位血石	0	1	1	1
2	0	0	1	1	1
1	一级菩提	0	1	1	1
1	二级菩提	0	1	1	1
1	三级菩提	0	1	1	1
1	四级菩提	0	1	1	1
1	五级菩提	0	1	1	1
1	终极菩提	0	1	1	1
1	占位菩提	0	1	1	1
1	占位菩提	0	1	1	1
2	0	0	1	1	1
7	一级宝玉	0	1	1	1
7	二级宝玉	0	1	1	1
7	三级宝玉	0	1	1	1
7	四级宝玉	0	1	1	1
7	五级宝玉	0	1	1	1
7	终极宝玉	0	1	1	1
7	占位宝玉	0	1	1	1
7	占位宝玉	0	1	1	1
2	0	1	1	1	0
7	一级护佑	0	1	1	1
7	二级护佑	0	1	1	1
7	三级护佑	0	1	1	1
7	四级护佑	0	1	1	1
7	五级护佑	0	1	1	1
7	终极护佑	0	1	1	1
7	占位护佑	0	1	1	1
7	占位护佑	0	1	1	1
2	0	0	1	1	1
1	男爵功勋	0	1	1	1
1	子爵功勋	0	1	1	1
1	伯爵功勋	0	1	1	1
1	侯爵功勋	0	1	1	1
1	公爵功勋	0	1	1	1
1	领主功勋	0	1	1	1
1	长老功勋	0	1	1	1
1	亲王功勋	0	1	1	1
1	血皇功勋	0	1	1	1
1	帝王功勋	0	1	1	1
2	0	0	1	1	1
1	初入江湖功勋	0	1	1	1
1	至尊会员功勋	0	1	1	1
1	天下第一功勋	0	1	1	1
1	最强王者功勋	0	1	1	1
1	占位	0	1	1	1
1	初级装备强化符	0	1	1	1
1	中级装备强化符	0	1	1	1
1	高级装备强化符	0	1	1	1
2	*******	0	1	1	1
1	毒零白冰盾・一星	0	1	1	1
1	毒零白冰盾・二星	0	1	1	1
1	毒零白冰盾・三星	0	1	1	1
1	毒零白冰盾・四星	0	1	1	1
1	毒零白冰盾・五星	0	1	1	1
1	毒零白冰盾・六星	0	1	1	1
1	毒零白冰盾・七星	0	1	1	1
1	毒零白冰盾・八星	0	1	1	1
1	毒零白冰盾・九星	0	1	1	1
1	毒零白冰盾・十星	0	1	1	1
1	血金艾锌盾・一星	0	1	1	1
1	血金艾锌盾・二星	0	1	1	1
1	血金艾锌盾・三星	0	1	1	1
1	血金艾锌盾・四星	0	1	1	1
1	血金艾锌盾・五星	0	1	1	1
1	血金艾锌盾・六星	0	1	1	1
1	血金艾锌盾・七星	0	1	1	1
1	血金艾锌盾・八星	0	1	1	1
1	血金艾锌盾・九星	0	1	1	1
1	血金艾锌盾・十星	0	1	1	1
1	毒怖暗杀盾・一星	0	1	1	1
1	毒怖暗杀盾・二星	0	1	1	1
1	毒怖暗杀盾・三星	0	1	1	1
1	毒怖暗杀盾・四星	0	1	1	1
1	毒怖暗杀盾・五星	0	1	1	1
1	毒怖暗杀盾・六星	0	1	1	1
1	毒怖暗杀盾・七星	0	1	1	1
1	毒怖暗杀盾・八星	0	1	1	1
1	毒怖暗杀盾・九星	0	1	1	1
1	毒怖暗杀盾・十星	0	1	1	1
1	狂之咆哮盾・一星	0	1	1	1
1	狂之咆哮盾・二星	0	1	1	1
1	狂之咆哮盾・三星	0	1	1	1
1	狂之咆哮盾・四星	0	1	1	1
1	狂之咆哮盾・五星	0	1	1	1
1	狂之咆哮盾・六星	0	1	1	1
1	狂之咆哮盾・七星	0	1	1	1
1	狂之咆哮盾・八星	0	1	1	1
1	狂之咆哮盾・九星	0	1	1	1
1	狂之咆哮盾・十星	0	1	1	1
1	奎灵咆哮盾・一星	0	1	1	1
1	奎灵咆哮盾・二星	0	1	1	1
1	奎灵咆哮盾・三星	0	1	1	1
1	奎灵咆哮盾・四星	0	1	1	1
1	奎灵咆哮盾・五星	0	1	1	1
1	奎灵咆哮盾・六星	0	1	1	1
1	奎灵咆哮盾・七星	0	1	1	1
1	奎灵咆哮盾・八星	0	1	1	1
1	奎灵咆哮盾・九星	0	1	1	1
1	奎灵咆哮盾・十星	0	1	1	1
1	妖灵魔雷盾・一星	0	1	1	1
1	妖灵魔雷盾・二星	0	1	1	1
1	妖灵魔雷盾・三星	0	1	1	1
1	妖灵魔雷盾・四星	0	1	1	1
1	妖灵魔雷盾・五星	0	1	1	1
1	妖灵魔雷盾・六星	0	1	1	1
1	妖灵魔雷盾・七星	0	1	1	1
1	妖灵魔雷盾・八星	0	1	1	1
1	妖灵魔雷盾・九星	0	1	1	1
1	妖灵魔雷盾・十星	0	1	1	1
1	崩龙圣灵盾・一星	0	1	1	1
1	崩龙圣灵盾・二星	0	1	1	1
1	崩龙圣灵盾・三星	0	1	1	1
1	崩龙圣灵盾・四星	0	1	1	1
1	崩龙圣灵盾・五星	0	1	1	1
1	崩龙圣灵盾・六星	0	1	1	1
1	崩龙圣灵盾・七星	0	1	1	1
1	崩龙圣灵盾・八星	0	1	1	1
1	崩龙圣灵盾・九星	0	1	1	1
1	崩龙圣灵盾・十星	0	1	1	1
1	青苍崩砂盾・一星	0	1	1	1
1	青苍崩砂盾・二星	0	1	1	1
1	青苍崩砂盾・三星	0	1	1	1
1	青苍崩砂盾・四星	0	1	1	1
1	青苍崩砂盾・五星	0	1	1	1
1	青苍崩砂盾・六星	0	1	1	1
1	青苍崩砂盾・七星	0	1	1	1
1	青苍崩砂盾・八星	0	1	1	1
1	青苍崩砂盾・九星	0	1	1	1
1	青苍崩砂盾・十星	0	1	1	1
1	古兰幻x杖・一星	0	1	1	1
1	古兰幻x杖・二星	0	1	1	1
1	古兰幻x杖・三星	0	1	1	1
1	古兰幻x杖・四星	0	1	1	1
1	古兰幻x杖・五星	0	1	1	1
1	古兰幻x杖・六星	0	1	1	1
1	古兰幻x杖・七星	0	1	1	1
1	古兰幻x杖・八星	0	1	1	1
1	古兰幻x杖・九星	0	1	1	1
1	古兰幻x杖・十星	0	1	1	1
1	龙曲创世盾・一星	0	1	1	1
1	龙曲创世盾・二星	0	1	1	1
1	龙曲创世盾・三星	0	1	1	1
1	龙曲创世盾・四星	0	1	1	1
1	龙曲创世盾・五星	0	1	1	1
1	龙曲创世盾・六星	0	1	1	1
1	龙曲创世盾・七星	0	1	1	1
1	龙曲创世盾・八星	0	1	1	1
1	龙曲创世盾・九星	0	1	1	1
1	终极盾牌	0	1	1	1
5	传送戒指	0	1	1	1
2	0	0	1	1	1
1	宏图古币+1	0	1	1	1
1	宏图古币+5	0	1	1	1
1	宏图古币+10	0	1	1	1
1	宏图古币+50	0	1	1	1
1	宏图古币+100	0	1	1	1
1	宏图古币+500	0	1	1	1
1	宏图古币+1000	0	1	1	1
1	宏图古币+5000	0	1	1	1
1	宏图古币+10000	0	1	1	1
1	一星龙珠	0	1	1	1
1	二星龙珠	0	1	1	1
1	三星龙珠	0	1	1	1
1	四星龙珠	0	1	1	1
1	五星龙珠	0	1	1	1
1	六星龙珠	0	1	1	1
1	七星龙珠	0	1	1	1
1	八星龙珠	0	1	1	1
1	九星龙珠	0	1	1	1
1	十星龙珠	0	1	1	1
1	十一星龙珠	0	1	1	1
1	十二星龙珠	0	1	1	1
1	十三星龙珠	0	1	1	1
1	十四星龙珠	0	1	1	1
1	十五星龙珠	0	1	1	1
1	十六星龙珠	0	1	1	1
1	十七星龙珠	0	1	1	1
1	十八星龙珠	0	1	1	1
1	十九星龙珠	0	1	1	1
1	二十星龙珠	0	1	1	1
1	时装碎片	0	1	1	1
1	经验[宝箱]	0	1	1	1
1	神圣书页	0	1	1	1
1	未鉴定的靴子・卓越	0	1	1	1
2	0	0	1	1	1
1	未鉴定的武器・完美	0	1	1	1
1	未鉴定的衣服・完美	0	1	1	1
1	未鉴定的头盔・完美	0	1	1	1
1	未鉴定的项链・完美	0	1	1	1
1	未鉴定的手镯・完美	0	1	1	1
1	未鉴定的戒指・完美	0	1	1	1
1	未鉴定的腰带・完美	0	1	1	1
1	未鉴定的靴子・完美	0	1	1	1
2	0	0	1	1	1
1	未鉴定的武器・史诗	0	1	1	1
1	未鉴定的衣服・史诗	0	1	1	1
1	未鉴定的头盔・史诗	0	1	1	1
1	未鉴定的项链・史诗	0	1	1	1
1	未鉴定的手镯・史诗	0	1	1	1
1	未鉴定的戒指・史诗	0	1	1	1
1	未鉴定的腰带・史诗	0	1	1	1
1	未鉴定的靴子・史诗	0	1	1	1
2	0	0	1	1	1
1	未鉴定的武器・传说	0	1	1	1
1	未鉴定的衣服・传说	0	1	1	1
1	未鉴定的头盔・传说	0	1	1	1
1	未鉴定的项链・传说	0	1	1	1
1	未鉴定的手镯・传说	0	1	1	1
1	未鉴定的戒指・传说	0	1	1	1
1	未鉴定的腰带・传说	0	1	1	1
1	未鉴定的靴子・传说	0	1	1	1
2	0	0	1	1	1
1	少量元宝	0	1	1	1
1	大量元宝	0	1	1	1
1	技能书页	0	1	1	1
1	特殊材料	0	1	1	1
1	特殊碎片	0	1	1	1
1	普通装备・未鉴定	0	1	1	1
1	精良装备・未鉴定	0	1	1	1
1	稀有装备・未鉴定	0	1	1	1
1	卓越装备・未鉴定	0	1	1	1
1	完美装备・未鉴定	0	1	1	1
1	史诗装备・未鉴定	0	1	1	1
1	传说装备・未鉴定	0	1	1	1
1	圣战装备	0	1	1	1
1	雷霆装备	0	1	1	1
1	战神装备	0	1	1	1
1	卓越装备	0	1	1	1
1	武狂装备	0	1	1	1
1	天罡装备	0	1	1	1
1	帝王装备	0	1	1	1
2	0	1	1	1	0
1	新手时装(男)	0	1	1	1
1	新手时装(女)	0	1	1	1
1	冲锋马超[时装]	0	1	1	1
1	名将黄月英[时装]	0	1	1	1
1	黄金勇士[时装]	0	1	1	1
1	爱新觉罗建宁[时装]	0	1	1	1
1	武状元苏乞儿[时装]	0	1	1	1
1	贵妃杨玉环[时装]	0	1	1	1
1	天下无双吕布[时装]	0	1	1	1
1	天下美人貂蝉[时装]	0	1	1	1
1	常山赵子龙也[时装]	0	1	1	1
1	绝世艳后小乔[时装]	0	1	1	1
1	齐天大圣悟空[时装]	0	1	1	1
1	天蓬公主猪妹[时装]	0	1	1	1
1	占位时装(男)	0	1	1	1
1	占位时装(女)	0	1	1	1
2	0	0	1	1	1
1	1角人民币	0	1	1	1
1	5角人民币	0	1	1	1
1	1元人民币	0	1	1	1
1	2元人民币	0	1	1	1
1	5元人民币	0	1	1	1
1	10元人民币	0	1	1	1
1	20元人民币	0	1	1	1
1	50元人民币	0	1	1	1
1	100元人民币	0	1	1	1
2	0	0	1	1	1
1	青铜碎片	0	1	1	1
1	白银碎片	0	1	1	1
1	黄金碎片	0	1	1	1
1	青铜藏宝图	0	1	1	1
1	白银藏宝图	0	1	1	1
1	黄金藏宝图	0	1	1	1
2	555	0	1	1	1
1	5555	0	1	1	1
1	55511	0	1	1	1
2	0	0	1	1	1
1	子鼠[精品]	0	1	1	1
1	丑牛[精品]	0	1	1	1
1	寅虎[精品]	0	1	1	1
1	卯兔[精品]	0	1	1	1
1	辰龙[精品]	0	1	1	1
1	午马[精品]	0	1	1	1
1	巳蛇[精品]	0	1	1	1
1	未羊[精品]	0	1	1	1
1	申猴[精品]	0	1	1	1
1	酉鸡[精品]	0	1	1	1
1	戌狗[精品]	0	1	1	1
2	0	1	1	1	0
7	切割指环・LV1	0	1	1	1
7	切割指环・LV2	0	1	1	1
7	切割指环・LV3	0	1	1	1
7	切割指环・LV4	0	1	1	1
7	切割指环・LV5	0	1	1	1
7	切割指环・LV6	0	1	1	1
7	切割指环・LV7	0	1	1	1
7	切割指环・LV8	0	1	1	1
7	切割指环・LV9	0	1	1	1
7	切割指环・Max	0	1	1	1
2	0	1	1	1	0
7	复活指环・LV1	0	1	1	1
7	复活指环・LV2	0	1	1	1
7	复活指环・LV3	0	1	1	1
7	复活指环・LV4	0	1	1	1
7	复活指环・LV5	0	1	1	1
7	复活指环・LV6	0	1	1	1
7	复活指环・LV7	0	1	1	1
7	复活指环・LV8	0	1	1	1
7	复活指环・LV9	0	1	1	1
7	复活指环・Max	0	1	1	1
2	0	1	1	1	0
7	护身指环・LV1	0	1	1	1
7	护身指环・LV2	0	1	1	1
7	护身指环・LV3	0	1	1	1
7	护身指环・LV4	0	1	1	1
7	护身指环・LV5	0	1	1	1
7	护身指环・LV6	0	1	1	1
7	护身指环・LV7	0	1	1	1
7	护身指环・LV8	0	1	1	1
7	护身指环・LV9	0	1	1	1
7	护身指环・Max	0	1	1	1
7	守护奥秘指环	0	1	1	1
7	怨灵永恒指环	0	1	1	1
7	月冕远古指环	0	1	1	1
2	0	0	1	1	1
3	布衣(男)	0	1	1	1
3	布衣(女)	0	1	1	1
4	铁剑	0	1	1	1
2	0	0	1	1	1
4	新手之刃	0	1	1	1
3	新手战甲	0	1	1	1
3	新手战衣	0	1	1	1
5	新手战镯	0	1	1	1
5	新手战链	0	1	1	1
5	新手战戒	0	1	1	1
5	新手头盔	0	1	1	1
2	一阶	0	1	1	1
4	雷霆之刃	0	1	1	1
3	雷霆战甲	0	1	1	1
3	雷霆战衣	0	1	1	1
5	雷霆头盔	0	1	1	1
5	雷霆项链	0	1	1	1
5	雷霆手镯	0	1	1	1
5	雷霆戒指	0	1	1	1
7	雷霆腰带	0	1	1	1
7	雷霆靴子	0	1	1	1
2	二阶	0	1	1	1
4	战神之刃	0	1	1	1
3	战神战甲	0	1	1	1
3	战神战衣	0	1	1	1
5	战神头盔	0	1	1	1
5	战神项链	0	1	1	1
5	战神手镯	0	1	1	1
5	战神戒指	0	1	1	1
7	战神腰带	0	1	1	1
7	战神靴子	0	1	1	1
2	三阶	0	1	1	1
4	狂雷之刃	0	1	1	1
3	狂雷战甲	0	1	1	1
3	狂雷战衣	0	1	1	1
5	狂雷头盔	0	1	1	1
5	狂雷项链	0	1	1	1
5	狂雷手镯	0	1	1	1
5	狂雷戒指	0	1	1	1
7	狂雷腰带	0	1	1	1
7	狂雷靴子	0	1	1	1
2	四阶	0	1	1	1
4	火龙之刃	0	1	1	1
3	火龙战甲	0	1	1	1
3	火龙战衣	0	1	1	1
5	火龙头盔	0	1	1	1
5	火龙项链	0	1	1	1
5	火龙手镯	0	1	1	1
5	火龙戒指	0	1	1	1
7	火龙腰带	0	1	1	1
7	火龙靴子	0	1	1	1
2	五阶	0	1	1	1
4	青虹之刃	0	1	1	1
3	青虹战甲	0	1	1	1
3	青虹战衣	0	1	1	1
5	青虹头盔	0	1	1	1
5	青虹项链	0	1	1	1
5	青虹手镯	0	1	1	1
5	青虹戒指	0	1	1	1
7	青虹腰带	0	1	1	1
7	青虹靴子	0	1	1	1
2	六阶	0	1	1	1
4	莫邪之刃	0	1	1	1
3	莫邪战甲	0	1	1	1
3	莫邪战衣	0	1	1	1
5	莫邪头盔	0	1	1	1
5	莫邪项链	0	1	1	1
5	莫邪手镯	0	1	1	1
5	莫邪戒指	0	1	1	1
7	莫邪腰带	0	1	1	1
7	莫邪靴子	0	1	1	1
2	七阶	0	1	1	1
4	龙渊之刃	0	1	1	1
3	龙渊战甲	0	1	1	1
3	龙渊战衣	0	1	1	1
5	龙渊头盔	0	1	1	1
5	龙渊项链	0	1	1	1
5	龙渊手镯	0	1	1	1
5	龙渊戒指	0	1	1	1
7	龙渊腰带	0	1	1	1
7	龙渊靴子	0	1	1	1
2	八阶	0	1	1	1
4	龙焰之刃	0	1	1	1
3	龙焰战甲	0	1	1	1
3	龙焰战衣	0	1	1	1
5	龙焰头盔	0	1	1	1
5	龙焰项链	0	1	1	1
5	龙焰手镯	0	1	1	1
5	龙焰戒指	0	1	1	1
7	龙焰腰带	0	1	1	1
7	龙焰靴子	0	1	1	1
2	九阶	0	1	1	1
4	干将之刃	0	1	1	1
3	干将战甲	0	1	1	1
3	干将战衣	0	1	1	1
5	干将头盔	0	1	1	1
5	干将项链	0	1	1	1
5	干将手镯	0	1	1	1
5	干将戒指	0	1	1	1
7	干将腰带	0	1	1	1
7	干将靴子	0	1	1	1
2	十阶	0	1	1	1
4	巨阕之刃	0	1	1	1
3	巨阕战甲	0	1	1	1
3	巨阕战衣	0	1	1	1
5	巨阕头盔	0	1	1	1
5	巨阕项链	0	1	1	1
5	巨阕手镯	0	1	1	1
5	巨阕戒指	0	1	1	1
7	巨阕腰带	0	1	1	1
7	巨阕靴子	0	1	1	1
2	十一阶	0	1	1	1
4	湛卢之刃	0	1	1	1
3	湛卢战甲	0	1	1	1
3	湛卢战衣	0	1	1	1
5	湛卢头盔	0	1	1	1
5	湛卢项链	0	1	1	1
5	湛卢手镯	0	1	1	1
5	湛卢戒指	0	1	1	1
7	湛卢腰带	0	1	1	1
7	湛卢靴子	0	1	1	1
2	十二阶	0	1	1	1
4	天煞之刃	0	1	1	1
3	天煞战甲	0	1	1	1
3	天煞战衣	0	1	1	1
5	天煞头盔	0	1	1	1
5	天煞项链	0	1	1	1
5	天煞手镯	0	1	1	1
5	天煞戒指	0	1	1	1
7	天煞腰带	0	1	1	1
7	天煞靴子	0	1	1	1
2	十三阶	0	1	1	1
4	英雄之刃	0	1	1	1
3	英雄战甲	0	1	1	1
3	英雄战衣	0	1	1	1
5	英雄头盔	0	1	1	1
5	英雄项链	0	1	1	1
5	英雄手镯	0	1	1	1
5	英雄戒指	0	1	1	1
7	英雄腰带	0	1	1	1
7	英雄靴子	0	1	1	1
2	十四阶	0	1	1	1
4	惊云之刃	0	1	1	1
3	惊云战甲	0	1	1	1
3	惊云战衣	0	1	1	1
5	惊云头盔	0	1	1	1
5	惊云项链	0	1	1	1
5	惊云手镯	0	1	1	1
5	惊云戒指	0	1	1	1
7	惊云腰带	0	1	1	1
7	惊云靴子	0	1	1	1
2	十五阶	0	1	1	1
4	霸业之刃	0	1	1	1
3	霸业战甲	0	1	1	1
3	霸业战衣	0	1	1	1
5	霸业头盔	0	1	1	1
5	霸业项链	0	1	1	1
5	霸业手镯	0	1	1	1
5	霸业戒指	0	1	1	1
7	霸业腰带	0	1	1	1
7	霸业靴子	0	1	1	1
1	子鼠	0	1	1	1
1	丑牛	0	1	1	1
1	寅虎	0	1	1	1
1	卯兔	0	1	1	1
1	辰龙	0	1	1	1
1	巳蛇	0	1	1	1
1	午马	0	1	1	1
1	未羊	0	1	1	1
1	申猴	0	1	1	1
1	酉鸡	0	1	1	1
1	戌狗	0	1	1	1
1	亥猪	0	1	1	1
1	子鼠[完美]	0	1	1	1
1	丑牛[完美]	0	1	1	1
1	寅虎[完美]	0	1	1	1
1	卯兔[完美]	0	1	1	1
1	辰龙[完美]	0	1	1	1
1	巳蛇[完美]	0	1	1	1
1	午马[完美]	0	1	1	1
1	未羊[完美]	0	1	1	1
1	申猴[完美]	0	1	1	1
1	酉鸡[完美]	0	1	1	1
1	戌狗[完美]	0	1	1	1
1	亥猪[完美]	0	1	1	1
1	亥猪[精品]	0	1	1	1
1	１万元宝	0	1	1	0
1	２万元宝	0	1	1	0
