13	1	倍攻	切割指环・LV6|复活指环・LV6|护身指环・LV6	0|0|0|0|0|0|0|0|0|0|0|0|0|0|0|0|0|0|0|0|0|0|0|0|0|0|0|0|0|0|0|0|0|0|0|0|0|0|0|0	0|0|0|0|5|5|5|0|0|0|0|0|0|0|0|0|5|5|5|0|0|0|0|0|0|0|0|0|0|0|0|0|0|0|0|0|0|0|0|0	0|0|0|0|0|0|0|0|0|0|0|0|0|0|0|0|0|0|0|0|0|0|0|0|0|0|0|0|0|0|0|0|0|0|0|0|0|0|0|0	
14	1	倍攻	切割指环・LV7|复活指环・LV7|护身指环・LV7	0|0|0|0|0|0|0|0|0|0|0|0|0|0|0|0|0|0|0|0|0|0|0|0|0|0|0|0|0|0|0|0|0|0|0|0|0|0|0|0	0|0|0|0|10|10|10|0|0|0|0|0|0|0|0|0|10|10|10|0|0|0|0|0|0|0|0|0|0|0|0|0|0|0|0|0|0|0|0|0	0|0|0|0|0|0|0|0|0|0|0|0|0|0|0|0|0|0|0|0|0|0|0|0|0|0|0|0|0|0|0|0|0|0|0|0|0|0|0|0	
15	1	倍攻	切割指环・LV8|复活指环・LV8|护身指环・LV8	0|0|0|0|0|0|0|0|0|0|0|0|0|0|0|0|0|0|0|0|0|0|0|0|0|0|0|0|0|0|0|0|0|0|0|0|0|0|0|0	0|0|0|0|15|15|15|0|0|0|0|0|0|0|0|0|15|15|15|0|0|0|0|0|0|0|0|0|0|0|0|0|0|0|0|0|0|0|0|0	0|0|0|0|0|0|0|0|0|0|0|0|0|0|0|0|0|0|0|0|0|0|0|0|0|0|0|0|0|0|0|0|0|0|0|0|0|0|0|0	
16	1	倍攻	切割指环・LV9|复活指环・LV9|护身指环・LV9	0|0|0|0|0|0|0|0|0|0|0|0|0|0|0|0|0|0|0|0|0|0|0|0|0|0|0|0|0|0|0|0|0|0|0|0|0|0|0|0	0|0|0|0|20|20|20|0|0|0|0|0|0|0|0|0|20|20|20|0|0|0|0|0|0|0|0|0|0|0|0|0|0|0|0|0|0|0|0|0	0|0|0|0|0|0|0|0|0|0|0|0|0|0|0|0|0|0|0|0|0|0|0|0|0|0|0|0|0|0|0|0|0|0|0|0|0|0|0|0	
17	1	倍攻	切割指环・Max|复活指环・Max|护身指环・Max	0|0|0|0|0|0|0|0|0|0|0|0|0|0|0|0|0|0|0|0|0|0|0|0|0|0|0|0|0|0|0|0|0|0|0|0|0|0|0|0	0|0|0|0|30|30|30|0|0|0|0|0|0|0|0|0|30|30|30|0|0|0|0|0|0|0|0|0|0|0|0|0|0|0|0|0|0|0|0|0	0|0|0|0|0|0|0|0|0|0|0|0|0|0|0|0|0|0|0|0|0|0|0|0|0|0|0|0|0|0|0|0|0|0|0|0|0|0|0|0	
50	1	男爵功勋	男爵功勋	0|0|0|0|0|0|0|0|0|0|0|0|0|0|0|0|0|0|0|0|0|0|0|0|0|0|0|0|0|0|0|0|0|0|0|0|0|0|0|0	0|0|0|0|1|1|1|0|0|0|0|0|0|0|0|0|1|1|1|0|0|0|0|0|0|0|0|0|0|0|0|0|0|0|0|0|0|0|0|0	0|0|0|0|0|0|0|0|0|0|0|0|0|0|0|0|0|0|0|0|0|0|0|0|0|0|0|0|0|0|0|0|0|0|0|0|0|0|0|0	
51	1	子爵功勋	子爵功勋	0|0|0|0|0|0|0|0|0|0|0|0|0|0|0|0|0|0|0|0|0|0|0|0|0|0|0|0|0|0|0|0|0|0|0|0|0|0|0|0	0|0|0|0|2|2|2|0|0|0|0|0|0|0|0|0|2|2|2|0|0|0|0|0|0|0|0|0|0|0|0|0|0|0|0|0|0|0|0|0	0|0|0|0|0|0|0|0|0|0|0|0|0|0|0|0|0|0|0|0|0|0|0|0|0|0|0|0|0|0|0|0|0|0|0|0|0|0|0|0	
52	1	伯爵功勋	伯爵功勋	0|0|0|0|0|0|0|0|0|0|0|0|0|0|0|0|0|0|0|0|0|0|0|0|0|0|0|0|0|0|0|0|0|0|0|0|0|0|0|0	0|0|0|0|4|4|4|0|0|0|0|0|0|0|0|0|4|4|4|0|0|0|0|0|0|0|0|0|0|0|0|0|0|0|0|0|0|0|0|0	0|0|0|0|0|0|0|0|0|0|0|0|0|0|0|0|0|0|0|0|0|0|0|0|0|0|0|0|0|0|0|0|0|0|0|0|0|0|0|0	
53	1	侯爵功勋	侯爵功勋	0|0|0|0|0|0|0|0|0|0|0|0|0|0|0|0|0|0|0|0|0|0|0|0|0|0|0|0|0|0|0|0|0|0|0|0|0|0|0|0	0|0|0|0|6|6|6|0|0|0|0|0|0|0|0|0|6|6|6|0|0|0|0|0|0|0|0|0|0|0|0|0|0|0|0|0|0|0|0|0	0|0|0|0|0|0|0|0|0|0|0|0|0|0|0|0|0|0|0|0|0|0|0|0|0|0|0|0|0|0|0|0|0|0|0|0|0|0|0|0	
54	1	公爵功勋	公爵功勋	0|0|0|0|0|0|0|0|0|0|0|0|0|0|0|0|0|0|0|0|0|0|0|0|0|0|0|0|0|0|0|0|0|0|0|0|0|0|0|0	0|0|0|0|8|8|8|0|0|0|0|0|0|0|0|0|8|8|8|0|0|0|0|0|0|0|0|0|0|0|0|0|0|0|0|0|0|0|0|0	0|0|0|0|0|0|0|0|0|0|0|0|0|0|0|0|0|0|0|0|0|0|0|0|0|0|0|0|0|0|0|0|0|0|0|0|0|0|0|0	
55	1	领主功勋	领主功勋	0|0|0|0|0|0|0|0|0|0|0|0|0|0|0|0|0|0|0|0|0|0|0|0|0|0|0|0|0|0|0|0|0|0|0|0|0|0|0|0	0|0|0|0|10|10|10|0|0|0|0|0|0|0|0|0|10|10|10|0|0|0|0|0|0|0|0|0|0|0|0|0|0|0|0|0|0|0|0|0	0|0|0|0|0|0|0|0|0|0|0|0|0|0|0|0|0|0|0|0|0|0|0|0|0|0|0|0|0|0|0|0|0|0|0|0|0|0|0|0	
56	1	长老功勋	长老功勋	0|0|0|0|0|0|0|0|0|0|0|0|0|0|0|0|0|0|0|0|0|0|0|0|0|0|0|0|0|0|0|0|0|0|0|0|0|0|0|0	0|0|0|0|12|12|12|0|0|0|0|0|0|0|0|0|12|12|12|0|0|0|0|0|0|0|0|0|0|0|0|0|0|0|0|0|0|0|0|0	0|0|0|0|0|0|0|0|0|0|0|0|0|0|0|0|0|0|0|0|0|0|0|0|0|0|0|0|0|0|0|0|0|0|0|0|0|0|0|0	
57	1	亲王功勋	亲王功勋	0|0|0|0|0|0|0|0|0|0|0|0|0|0|0|0|0|0|0|0|0|0|0|0|0|0|0|0|0|0|0|0|0|0|0|0|0|0|0|0	0|0|0|0|14|14|14|0|0|0|0|0|0|0|0|0|14|14|14|0|0|0|0|0|0|0|0|0|0|0|0|0|0|0|0|0|0|0|0|0	0|0|0|0|0|0|0|0|0|0|0|0|0|0|0|0|0|0|0|0|0|0|0|0|0|0|0|0|0|0|0|0|0|0|0|0|0|0|0|0	
58	1	血皇功勋	血皇功勋	0|0|0|0|0|0|0|0|0|0|0|0|0|0|0|0|0|0|0|0|0|0|0|0|0|0|0|0|0|0|0|0|0|0|0|0|0|0|0|0	0|0|0|0|16|16|16|0|0|0|0|0|0|0|0|0|16|16|16|0|0|0|0|0|0|0|0|0|0|0|0|0|0|0|0|0|0|0|0|0	0|0|0|0|0|0|0|0|0|0|0|0|0|0|0|0|0|0|0|0|0|0|0|0|0|0|0|0|0|0|0|0|0|0|0|0|0|0|0|0	
59	1	帝王功勋	帝王功勋	0|0|0|0|0|0|0|0|0|0|0|0|0|0|0|0|0|0|0|0|0|0|0|0|0|0|0|0|0|0|0|0|0|0|0|0|0|0|0|0	0|0|0|0|20|20|20|0|0|0|0|0|0|0|0|0|20|20|20|0|0|0|0|0|0|0|0|0|0|0|0|0|0|0|0|0|0|0|0|0	0|0|0|0|0|0|0|0|0|0|0|0|0|0|0|0|0|0|0|0|0|0|0|0|0|0|0|0|0|0|0|0|0|0|0|0|0|0|0|0	
63	1	麻痹复活	守护奥秘指环	1|0|0|1|0|0|0|0|0|0|0|0|0|0|0|0|0|0|0|0|0|0|0|0|0|0|0|0|0|0|0|0|0|0|0|0|0|0|0|0	0|0|0|0|40|40|40|0|0|0|0|0|0|0|0|0|40|40|40|0|0|0|0|0|0|0|0|0|0|0|0|0|0|0|0|0|0|0|0|0	0|0|0|0|0|0|0|0|0|0|0|0|0|0|0|0|0|0|0|0|0|0|0|0|0|0|0|0|0|0|0|0|0|0|0|0|0|0|0|0	{特殊指环|151:0:1}ぐ{属性激活→|250:0:1}{麻痹效果已生效|70:0:1}{复活效果已生效|70:0:1}
64	1	麻痹护身	怨灵永恒指环	1|1|0|0|0|0|0|0|0|0|0|0|0|0|0|0|0|0|0|0|0|0|0|0|0|0|0|0|0|0|0|0|0|0|0|0|0|0|0|0	0|0|0|0|40|40|40|0|0|0|0|0|0|0|0|0|40|40|40|0|0|0|0|0|0|0|0|0|0|0|0|0|0|0|0|0|0|0|0|0	0|0|0|0|0|0|0|0|0|0|0|0|0|0|0|0|0|0|0|0|0|0|0|0|0|0|0|0|0|0|0|0|0|0|0|0|0|0|0|0	{特殊指环|151:0:1}ぐ{属性激活→|250:0:1}{麻痹效果已生效|70:0:1}{护身效果已生效|70:0:1}
65	1	复活护身	月冕远古指环	0|1|0|1|0|0|0|0|0|0|0|0|0|0|0|0|0|0|0|0|0|0|0|0|0|0|0|0|0|0|0|0|0|0|0|0|0|0|0|0	0|0|0|0|40|40|40|0|0|0|0|0|0|0|0|0|40|40|40|0|0|0|0|0|0|0|0|0|0|0|0|0|0|0|0|0|0|0|0|0	0|0|0|0|0|0|0|0|0|0|0|0|0|0|0|0|0|0|0|0|0|0|0|0|0|0|0|0|0|0|0|0|0|0|0|0|0|0|0|0	{特殊指环|151:0:1}ぐ{属性激活→|250:0:1}{复活效果已生效|70:0:1}{护身效果已生效|70:0:1}
67	1	新手血石	新手血石	0|0|0|0|0|0|0|0|0|0|0|0|0|0|0|0|0|0|0|0|0|0|0|0|0|0|0|0|0|0|0|0|0|0|0|0|0|0|0|0	0|0|0|0|0|0|0|0|0|0|0|0|0|0|0|0|0|0|0|0|0|0|0|0|0|0|0|0|0|0|0|0|0|0|0|0|0|0|0|0	0|0|0|0|0|0|0|0|0|0|0|0|0|0|0|0|0|0|0|0|0|0|0|0|0|0|0|0|0|0|0|0|0|0|0|0|0|0|0|0	{新手血石|151:0:1}ぐ{属性激活→|250:0:1}{每秒恢复HPMP生效|70:0:1}
68	1	一级血石	一级血石	0|0|0|0|0|0|0|0|0|0|0|0|0|0|0|0|0|0|0|0|0|0|0|0|0|0|0|0|0|0|0|0|0|0|0|0|0|0|0|0	0|0|0|0|0|0|0|0|0|0|0|0|0|0|0|0|0|0|0|0|0|0|0|0|0|0|0|0|0|0|0|0|0|0|0|0|0|0|0|0	0|0|0|0|0|0|0|0|0|0|0|0|0|0|0|0|0|0|0|0|0|0|0|0|0|0|0|0|0|0|0|0|0|0|0|0|0|0|0|0	{一级血石|151:0:1}ぐ{属性激活→|250:0:1}{每秒恢复HPMP生效|70:0:1}
69	1	二级血石	二级血石	0|0|0|0|0|0|0|0|0|0|0|0|0|0|0|0|0|0|0|0|0|0|0|0|0|0|0|0|0|0|0|0|0|0|0|0|0|0|0|0	0|0|0|0|0|0|0|0|0|0|0|0|0|0|0|0|0|0|0|0|0|0|0|0|0|0|0|0|0|0|0|0|0|0|0|0|0|0|0|0	0|0|0|0|0|0|0|0|0|0|0|0|0|0|0|0|0|0|0|0|0|0|0|0|0|0|0|0|0|0|0|0|0|0|0|0|0|0|0|0	{二级血石|151:0:1}ぐ{属性激活→|250:0:1}{每秒恢复HPMP生效|70:0:1}
70	1	三级血石	三级血石	0|0|0|0|0|0|0|0|0|0|0|0|0|0|0|0|0|0|0|0|0|0|0|0|0|0|0|0|0|0|0|0|0|0|0|0|0|0|0|0	0|0|0|0|0|0|0|0|0|0|0|0|0|0|0|0|0|0|0|0|0|0|0|0|0|0|0|0|0|0|0|0|0|0|0|0|0|0|0|0	0|0|0|0|0|0|0|0|0|0|0|0|0|0|0|0|0|0|0|0|0|0|0|0|0|0|0|0|0|0|0|0|0|0|0|0|0|0|0|0	{三级血石|151:0:1}ぐ{属性激活→|250:0:1}{每秒恢复HPMP生效|70:0:1}
71	1	四级血石	四级血石	0|0|0|0|0|0|0|0|0|0|0|0|0|0|0|0|0|0|0|0|0|0|0|0|0|0|0|0|0|0|0|0|0|0|0|0|0|0|0|0	0|0|0|0|0|0|0|0|0|0|0|0|0|0|0|0|0|0|0|0|0|0|0|0|0|0|0|0|0|0|0|0|0|0|0|0|0|0|0|0	0|0|0|0|0|0|0|0|0|0|0|0|0|0|0|0|0|0|0|0|0|0|0|0|0|0|0|0|0|0|0|0|0|0|0|0|0|0|0|0	{四级血石|151:0:1}ぐ{属性激活→|250:0:1}{每秒恢复HPMP生效|70:0:1}
72	1	五级血石	五级血石	0|0|0|1|0|0|0|0|0|0|0|0|0|0|0|0|0|0|0|0|0|0|0|0|0|0|0|0|0|0|0|0|0|0|0|0|0|0|0|0	0|0|0|0|0|0|0|0|0|0|0|0|0|0|0|0|0|0|0|0|0|0|0|0|0|0|0|0|0|0|0|0|0|0|0|0|0|0|0|0	0|0|0|0|0|0|0|0|0|0|0|0|0|0|0|0|0|0|0|0|0|0|0|0|0|0|0|0|0|0|0|0|0|0|0|0|0|0|0|0	{五级血石|151:0:1}ぐ{属性激活→|250:0:1}{每秒恢复HPMP生效|70:0:1}{复活效果已生效|70:0:1}
73	1	终级血石	终级血石	0|0|0|1|0|0|0|0|0|0|0|0|0|0|0|0|0|0|0|0|0|0|0|0|0|0|0|0|0|0|0|0|0|0|0|0|0|0|0|0	10|10|0|0|0|0|0|0|0|0|0|0|0|0|0|0|0|0|0|0|0|0|0|0|0|0|0|0|0|0|0|0|0|0|0|0|0|0|0|0	0|0|0|0|0|0|0|0|0|0|0|0|0|0|0|0|0|0|0|0|0|0|0|0|0|0|0|0|0|0|0|0|0|0|0|0|0|0|0|0	{终极血石|151:0:1}ぐ{属性激活→|250:0:1}{每秒恢复HPMP生效|70:0:1}{复活效果已生效|70:0:1}
74	1	子鼠	子鼠	0|0|0|0|0|0|0|0|0|0|0|0|0|0|0|0|0|0|0|0|0|0|0|0|0|0|0|0|0|0|0|0|0|0|0|0|0|0|0|0	0|0|2|2|0|0|0|0|0|0|0|0|0|0|2|2|0|0|0|0|0|0|0|0|0|0|0|0|0|0|0|0|0|0|0|0|0|0|0|0	0|0|0|0|0|0|0|0|0|0|0|0|0|0|0|0|0|0|0|0|0|0|0|0|0|0|0|0|0|0|0|0|0|0|0|0|0|0|0|0	{子鼠|151:0:1}ぐ{属性激活→|250:0:1}{物防魔防增加2%|70:0:1}
75	1	丑牛	丑牛	0|0|0|0|0|0|0|0|0|0|0|0|0|0|0|0|0|0|0|0|0|0|0|0|0|0|0|0|0|0|0|0|0|0|0|0|0|0|0|0	0|0|2|2|0|0|0|0|0|0|0|0|0|0|2|2|0|0|0|0|0|0|0|0|0|0|0|0|0|0|0|0|0|0|0|0|0|0|0|0	0|0|0|0|0|0|0|0|0|0|0|0|0|0|0|0|0|0|0|0|0|0|0|0|0|0|0|0|0|0|0|0|0|0|0|0|0|0|0|0	{丑牛|151:0:1}ぐ{属性激活→|250:0:1}{物防魔防增加2%|70:0:1}
76	1	寅虎	寅虎	0|0|0|0|0|0|0|0|0|0|0|0|0|0|0|0|0|0|0|0|0|0|0|0|0|0|0|0|0|0|0|0|0|0|0|0|0|0|0|0	0|0|2|2|0|0|0|0|0|0|0|0|0|0|2|2|0|0|0|0|0|0|0|0|0|0|0|0|0|0|0|0|0|0|0|0|0|0|0|0	0|0|0|0|0|0|0|0|0|0|0|0|0|0|0|0|0|0|0|0|0|0|0|0|0|0|0|0|0|0|0|0|0|0|0|0|0|0|0|0	{寅虎|151:0:1}ぐ{属性激活→|250:0:1}{物防魔防增加2%|70:0:1}
77	1	卯兔	卯兔	0|0|0|0|0|0|0|0|0|0|0|0|0|0|0|0|0|0|0|0|0|0|0|0|0|0|0|0|0|0|0|0|0|0|0|0|0|0|0|0	0|0|2|2|0|0|0|0|0|0|0|0|0|0|2|2|0|0|0|0|0|0|0|0|0|0|0|0|0|0|0|0|0|0|0|0|0|0|0|0	0|0|0|0|0|0|0|0|0|0|0|0|0|0|0|0|0|0|0|0|0|0|0|0|0|0|0|0|0|0|0|0|0|0|0|0|0|0|0|0	{卯兔|151:0:1}ぐ{属性激活→|250:0:1}{物防魔防增加2%|70:0:1}
78	1	辰龙	辰龙	0|0|0|0|0|0|0|0|0|0|0|0|0|0|0|0|0|0|0|0|0|0|0|0|0|0|0|0|0|0|0|0|0|0|0|0|0|0|0|0	2|2|0|0|0|0|0|0|0|0|0|0|0|0|0|0|0|0|0|0|0|0|0|0|0|0|0|0|0|0|0|0|0|0|0|0|0|0|0|0	0|0|0|0|0|0|0|0|0|0|0|0|0|0|0|0|0|0|0|0|0|0|0|0|0|0|0|0|0|0|0|0|0|0|0|0|0|0|0|0	{辰龙|151:0:1}ぐ{属性激活→|250:0:1}{HPMP上限2%|70:0:1}
79	1	巳蛇	巳蛇	0|0|0|0|0|0|0|0|0|0|0|0|0|0|0|0|0|0|0|0|0|0|0|0|0|0|0|0|0|0|0|0|0|0|0|0|0|0|0|0	2|2|0|0|0|0|0|0|0|0|0|0|0|0|0|0|0|0|0|0|0|0|0|0|0|0|0|0|0|0|0|0|0|0|0|0|0|0|0|0	0|0|0|0|0|0|0|0|0|0|0|0|0|0|0|0|0|0|0|0|0|0|0|0|0|0|0|0|0|0|0|0|0|0|0|0|0|0|0|0	{巳蛇|151:0:1}ぐ{属性激活→|250:0:1}{HPMP上限2%|70:0:1}
80	1	午马	午马	0|0|0|0|0|0|0|0|0|0|0|0|0|0|0|0|0|0|0|0|0|0|0|0|0|0|0|0|0|0|0|0|0|0|0|0|0|0|0|0	2|2|0|0|0|0|0|0|0|0|0|0|0|0|0|0|0|0|0|0|0|0|0|0|0|0|0|0|0|0|0|0|0|0|0|0|0|0|0|0	0|0|0|0|0|0|0|0|0|0|0|0|0|0|0|0|0|0|0|0|0|0|0|0|0|0|0|0|0|0|0|0|0|0|0|0|0|0|0|0	{午马|151:0:1}ぐ{属性激活→|250:0:1}{HPMP上限2%|70:0:1}
81	1	未羊	未羊	0|0|0|0|0|0|0|0|0|0|0|0|0|0|0|0|0|0|0|0|0|0|0|0|0|0|0|0|0|0|0|0|0|0|0|0|0|0|0|0	2|2|0|0|0|0|0|0|0|0|0|0|0|0|0|0|0|0|0|0|0|0|0|0|0|0|0|0|0|0|0|0|0|0|0|0|0|0|0|0	0|0|0|0|0|0|0|0|0|0|0|0|0|0|0|0|0|0|0|0|0|0|0|0|0|0|0|0|0|0|0|0|0|0|0|0|0|0|0|0	{未羊|151:0:1}ぐ{属性激活→|250:0:1}{HPMP上限2%|70:0:1}
82	1	申猴	申猴	0|0|0|0|0|0|0|0|0|0|0|0|0|0|0|0|0|0|0|0|0|0|0|0|0|0|0|0|0|0|0|0|0|0|0|0|0|0|0|0	0|0|0|0|1|1|1|0|0|0|0|0|0|0|0|0|1|1|1|0|0|0|0|0|0|0|0|0|0|0|0|0|0|0|0|0|0|0|0|0	0|0|0|0|0|0|0|0|0|0|0|0|0|0|0|0|0|0|0|0|0|0|0|0|0|0|0|0|0|0|0|0|0|0|0|0|0|0|0|0	{申猴|151:0:1}ぐ{属性激活→|250:0:1}{攻魔道+1%|70:0:1}
83	1	酉鸡	酉鸡	0|0|0|0|0|0|0|0|0|0|0|0|0|0|0|0|0|0|0|0|0|0|0|0|0|0|0|0|0|0|0|0|0|0|0|0|0|0|0|0	0|0|0|0|1|1|1|0|0|0|0|0|0|0|0|0|1|1|1|0|0|0|0|0|0|0|0|0|0|0|0|0|0|0|0|0|0|0|0|0	0|0|0|0|0|0|0|0|0|0|0|0|0|0|0|0|0|0|0|0|0|0|0|0|0|0|0|0|0|0|0|0|0|0|0|0|0|0|0|0	{酉鸡|151:0:1}ぐ{属性激活→|250:0:1}{攻魔道+1%|70:0:1}
84	1	戌狗	戌狗	0|0|0|0|0|0|0|0|0|0|0|0|0|0|0|0|0|0|0|0|0|0|0|0|0|0|0|0|0|0|0|0|0|0|0|0|0|0|0|0	0|0|0|0|1|1|1|0|0|0|0|0|0|0|0|0|1|1|1|0|0|0|0|0|0|0|0|0|0|0|0|0|0|0|0|0|0|0|0|0	0|0|0|0|0|0|0|0|0|0|0|0|0|0|0|0|0|0|0|0|0|0|0|0|0|0|0|0|0|0|0|0|0|0|0|0|0|0|0|0	{戌狗|151:0:1}ぐ{属性激活→|250:0:1}{攻魔道+1%|70:0:1}
85	1	亥猪	亥猪	0|0|0|0|0|0|0|0|0|0|0|0|0|0|0|0|0|0|0|0|0|0|0|0|0|0|0|0|0|0|0|0|0|0|0|0|0|0|0|0	0|0|0|0|1|1|1|0|0|0|0|0|0|0|0|0|1|1|1|0|0|0|0|0|0|0|0|0|0|0|0|0|0|0|0|0|0|0|0|0	0|0|0|0|0|0|0|0|0|0|0|0|0|0|0|0|0|0|0|0|0|0|0|0|0|0|0|0|0|0|0|0|0|0|0|0|0|0|0|0	{亥猪|151:0:1}ぐ{属性激活→|250:0:1}{攻魔道+1%|70:0:1}
86	1	子鼠[精品]	子鼠[精品]	0|0|0|0|0|0|0|0|0|0|0|0|0|0|0|0|0|0|0|0|0|0|0|0|0|0|0|0|0|0|0|0|0|0|0|0|0|0|0|0	0|0|4|4|0|0|0|0|0|0|0|0|0|0|4|4|0|0|0|0|0|0|0|0|0|0|0|0|0|0|0|0|0|0|0|0|0|0|0|0	0|0|0|0|0|0|0|0|0|0|0|0|0|0|0|0|0|0|0|0|0|0|0|0|0|0|0|0|0|0|0|0|0|0|0|0|0|0|0|0	{子鼠[精品]|151:0:1}ぐ{属性激活→|250:0:1}{物防魔防+4%|70:0:1}
87	1	丑牛[精品]	丑牛[精品]	0|0|0|0|0|0|0|0|0|0|0|0|0|0|0|0|0|0|0|0|0|0|0|0|0|0|0|0|0|0|0|0|0|0|0|0|0|0|0|0	0|0|4|4|0|0|0|0|0|0|0|0|0|0|4|4|0|0|0|0|0|0|0|0|0|0|0|0|0|0|0|0|0|0|0|0|0|0|0|0	0|0|0|0|0|0|0|0|0|0|0|0|0|0|0|0|0|0|0|0|0|0|0|0|0|0|0|0|0|0|0|0|0|0|0|0|0|0|0|0	{丑牛[精品]|151:0:1}ぐ{属性激活→|250:0:1}{物防魔防+4%|70:0:1}
88	1	寅虎[精品]	寅虎[精品]	0|0|0|0|0|0|0|0|0|0|0|0|0|0|0|0|0|0|0|0|0|0|0|0|0|0|0|0|0|0|0|0|0|0|0|0|0|0|0|0	0|0|4|4|0|0|0|0|0|0|0|0|0|0|4|4|0|0|0|0|0|0|0|0|0|0|0|0|0|0|0|0|0|0|0|0|0|0|0|0	0|0|0|0|0|0|0|0|0|0|0|0|0|0|0|0|0|0|0|0|0|0|0|0|0|0|0|0|0|0|0|0|0|0|0|0|0|0|0|0	{寅虎[精品]|151:0:1}ぐ{属性激活→|250:0:1}{物防魔防+4%|70:0:1}
89	1	卯兔[精品]	卯兔[精品]	0|0|0|0|0|0|0|0|0|0|0|0|0|0|0|0|0|0|0|0|0|0|0|0|0|0|0|0|0|0|0|0|0|0|0|0|0|0|0|0	0|0|4|4|0|0|0|0|0|0|0|0|0|0|4|4|0|0|0|0|0|0|0|0|0|0|0|0|0|0|0|0|0|0|0|0|0|0|0|0	0|0|0|0|0|0|0|0|0|0|0|0|0|0|0|0|0|0|0|0|0|0|0|0|0|0|0|0|0|0|0|0|0|0|0|0|0|0|0|0	{卯兔[精品]|151:0:1}ぐ{属性激活→|250:0:1}{物防魔防+4%|70:0:1}
90	1	辰龙[精品]	辰龙[精品]	0|0|0|0|0|0|0|0|0|0|0|0|0|0|0|0|0|0|0|0|0|0|0|0|0|0|0|0|0|0|0|0|0|0|0|0|0|0|0|0	2|2|0|0|0|0|0|0|0|0|0|0|0|0|0|0|0|0|0|0|0|0|0|0|0|0|0|0|0|0|0|0|0|0|0|0|0|0|0|0	0|0|0|0|0|0|0|0|0|0|0|0|0|0|0|0|0|0|0|0|0|0|0|0|0|0|0|0|0|0|0|0|0|0|0|0|0|0|0|0	{辰龙[精品]|151:0:1}ぐ{属性激活→|250:0:1}{HPMP上限+2%|70:0:1}
91	1	巳蛇[精品]	巳蛇[精品]	0|0|0|0|0|0|0|0|0|0|0|0|0|0|0|0|0|0|0|0|0|0|0|0|0|0|0|0|0|0|0|0|0|0|0|0|0|0|0|0	2|2|0|0|0|0|0|0|0|0|0|0|0|0|0|0|0|0|0|0|0|0|0|0|0|0|0|0|0|0|0|0|0|0|0|0|0|0|0|0	0|0|0|0|0|0|0|0|0|0|0|0|0|0|0|0|0|0|0|0|0|0|0|0|0|0|0|0|0|0|0|0|0|0|0|0|0|0|0|0	{巳蛇[精品]|151:0:1}ぐ{属性激活→|250:0:1}{HPMP上限+2%|70:0:1}
92	1	午马[精品]	午马[精品]	0|0|0|0|0|0|0|0|0|0|0|0|0|0|0|0|0|0|0|0|0|0|0|0|0|0|0|0|0|0|0|0|0|0|0|0|0|0|0|0	2|2|0|0|0|0|0|0|0|0|0|0|0|0|0|0|0|0|0|0|0|0|0|0|0|0|0|0|0|0|0|0|0|0|0|0|0|0|0|0	0|0|0|0|0|0|0|0|0|0|0|0|0|0|0|0|0|0|0|0|0|0|0|0|0|0|0|0|0|0|0|0|0|0|0|0|0|0|0|0	{午马[精品]|151:0:1}ぐ{属性激活→|250:0:1}{HPMP上限+2%|70:0:1}
93	1	未羊[精品]	未羊[精品]	0|0|0|0|0|0|0|0|0|0|0|0|0|0|0|0|0|0|0|0|0|0|0|0|0|0|0|0|0|0|0|0|0|0|0|0|0|0|0|0	2|2|0|0|0|0|0|0|0|0|0|0|0|0|0|0|0|0|0|0|0|0|0|0|0|0|0|0|0|0|0|0|0|0|0|0|0|0|0|0	0|0|0|0|0|0|0|0|0|0|0|0|0|0|0|0|0|0|0|0|0|0|0|0|0|0|0|0|0|0|0|0|0|0|0|0|0|0|0|0	{未羊[精品]|151:0:1}ぐ{属性激活→|250:0:1}{HPMP上限+2%|70:0:1}
94	1	申猴[精品]	申猴[精品]	0|0|0|0|0|0|0|0|0|0|0|0|0|0|0|0|0|0|0|0|0|0|0|0|0|0|0|0|0|0|0|0|0|0|0|0|0|0|0|0	0|0|0|0|2|2|2|0|0|0|0|0|0|0|0|0|2|2|2|0|0|0|0|0|0|0|0|0|0|0|0|0|0|0|0|0|0|0|0|0	0|0|0|0|0|0|0|0|0|0|0|0|0|0|0|0|0|0|0|0|0|0|0|0|0|0|0|0|0|0|0|0|0|0|0|0|0|0|0|0	{申猴[精品]|151:0:1}ぐ{属性激活→|250:0:1}{攻力+2%，魔法+2%，道术+2%|70:0:1}
95	1	酉鸡[精品]	酉鸡[精品]	0|0|0|0|0|0|0|0|0|0|0|0|0|0|0|0|0|0|0|0|0|0|0|0|0|0|0|0|0|0|0|0|0|0|0|0|0|0|0|0	0|0|0|0|2|2|2|0|0|0|0|0|0|0|0|0|2|2|2|0|0|0|0|0|0|0|0|0|0|0|0|0|0|0|0|0|0|0|0|0	0|0|0|0|0|0|0|0|0|0|0|0|0|0|0|0|0|0|0|0|0|0|0|0|0|0|0|0|0|0|0|0|0|0|0|0|0|0|0|0	{酉鸡[精品]|151:0:1}ぐ{属性激活→|250:0:1}{攻力+2%，魔法+2%，道术+2%|70:0:1}
96	1	戌狗[精品]	戌狗[精品]	0|0|0|0|0|0|0|0|0|0|0|0|0|0|0|0|0|0|0|0|0|0|0|0|0|0|0|0|0|0|0|0|0|0|0|0|0|0|0|0	0|0|0|0|2|2|2|0|0|0|0|0|0|0|0|0|2|2|2|0|0|0|0|0|0|0|0|0|0|0|0|0|0|0|0|0|0|0|0|0	0|0|0|0|0|0|0|0|0|0|0|0|0|0|0|0|0|0|0|0|0|0|0|0|0|0|0|0|0|0|0|0|0|0|0|0|0|0|0|0	{戌狗[精品]|151:0:1}ぐ{属性激活→|250:0:1}{攻力+2%，魔法+2%，道术+2%|70:0:1}
97	1	亥猪[精品]	亥猪[精品]	0|0|0|0|0|0|0|0|0|0|0|0|0|0|0|0|0|0|0|0|0|0|0|0|0|0|0|0|0|0|0|0|0|0|0|0|0|0|0|0	0|0|0|0|2|2|2|0|0|0|0|0|0|0|0|0|2|2|2|0|0|0|0|0|0|0|0|0|0|0|0|0|0|0|0|0|0|0|0|0	0|0|0|0|0|0|0|0|0|0|0|0|0|0|0|0|0|0|0|0|0|0|0|0|0|0|0|0|0|0|0|0|0|0|0|0|0|0|0|0	{亥猪[精品]|151:0:1}ぐ{属性激活→|250:0:1}{攻力+2%，魔法+2%，道术+2%|70:0:1}
98	1	子鼠[完美]	子鼠[完美]	0|0|0|0|0|0|0|0|0|0|0|0|0|0|0|0|0|0|0|0|0|0|0|0|0|0|0|0|0|0|0|0|0|0|0|0|0|0|0|0	0|0|6|6|0|0|0|0|0|0|0|0|0|0|6|6|0|0|0|0|0|0|0|0|0|0|0|0|0|0|0|0|0|0|0|0|0|0|0|0	0|0|0|0|0|0|0|0|0|0|0|0|0|0|0|0|0|0|0|0|0|0|0|0|0|0|0|0|0|0|0|0|0|0|0|0|0|0|0|0	{子鼠[完美]|151:0:1}ぐ{属性激活→|250:0:1}{物防魔防+6%|70:0:1}
99	1	丑牛[完美]	丑牛[完美]	0|0|0|0|0|0|0|0|0|0|0|0|0|0|0|0|0|0|0|0|0|0|0|0|0|0|0|0|0|0|0|0|0|0|0|0|0|0|0|0	0|0|6|6|0|0|0|0|0|0|0|0|0|0|6|6|0|0|0|0|0|0|0|0|0|0|0|0|0|0|0|0|0|0|0|0|0|0|0|0	0|0|0|0|0|0|0|0|0|0|0|0|0|0|0|0|0|0|0|0|0|0|0|0|0|0|0|0|0|0|0|0|0|0|0|0|0|0|0|0	{丑牛[完美]|151:0:1}ぐ{属性激活→|250:0:1}{物防魔防+6%|70:0:1}
100	1	寅虎[完美]	寅虎[完美]	0|0|0|0|0|0|0|0|0|0|0|0|0|0|0|0|0|0|0|0|0|0|0|0|0|0|0|0|0|0|0|0|0|0|0|0|0|0|0|0	0|0|6|6|0|0|0|0|0|0|0|0|0|0|6|6|0|0|0|0|0|0|0|0|0|0|0|0|0|0|0|0|0|0|0|0|0|0|0|0	0|0|0|0|0|0|0|0|0|0|0|0|0|0|0|0|0|0|0|0|0|0|0|0|0|0|0|0|0|0|0|0|0|0|0|0|0|0|0|0	{寅虎[完美]|151:0:1}ぐ{属性激活→|250:0:1}{物防魔防+6%|70:0:1}
101	1	卯兔[完美]	卯兔[完美]	0|0|0|0|0|0|0|0|0|0|0|0|0|0|0|0|0|0|0|0|0|0|0|0|0|0|0|0|0|0|0|0|0|0|0|0|0|0|0|0	0|0|6|6|0|0|0|0|0|0|0|0|0|0|6|6|0|0|0|0|0|0|0|0|0|0|0|0|0|0|0|0|0|0|0|0|0|0|0|0	0|0|0|0|0|0|0|0|0|0|0|0|0|0|0|0|0|0|0|0|0|0|0|0|0|0|0|0|0|0|0|0|0|0|0|0|0|0|0|0	{卯兔[完美]|151:0:1}ぐ{属性激活→|250:0:1}{物防魔防+6%|70:0:1}
102	1	辰龙[完美]	辰龙[完美]	0|0|0|0|0|0|0|0|0|0|0|0|0|0|0|0|0|0|0|0|0|0|0|0|0|0|0|0|0|0|0|0|0|0|0|0|0|0|0|0	4|4|0|0|0|0|0|0|0|0|0|0|0|0|0|0|0|0|0|0|0|0|0|0|0|0|0|0|0|0|0|0|0|0|0|0|0|0|0|0	0|0|0|0|0|0|0|0|0|0|0|0|0|0|0|0|0|0|0|0|0|0|0|0|0|0|0|0|0|0|0|0|0|0|0|0|0|0|0|0	{辰龙[完美]|151:0:1}ぐ{属性激活→|250:0:1}{HPMP上限4%|70:0:1}
103	1	巳蛇[完美]	巳蛇[完美]	0|0|0|0|0|0|0|0|0|0|0|0|0|0|0|0|0|0|0|0|0|0|0|0|0|0|0|0|0|0|0|0|0|0|0|0|0|0|0|0	4|4|0|0|0|0|0|0|0|0|0|0|0|0|0|0|0|0|0|0|0|0|0|0|0|0|0|0|0|0|0|0|0|0|0|0|0|0|0|0	0|0|0|0|0|0|0|0|0|0|0|0|0|0|0|0|0|0|0|0|0|0|0|0|0|0|0|0|0|0|0|0|0|0|0|0|0|0|0|0	{巳蛇[完美]|151:0:1}ぐ{属性激活→|250:0:1}{HPMP上限4%|70:0:1}
104	1	午马[完美]	午马[完美]	0|0|0|0|0|0|0|0|0|0|0|0|0|0|0|0|0|0|0|0|0|0|0|0|0|0|0|0|0|0|0|0|0|0|0|0|0|0|0|0	4|4|0|0|0|0|0|0|0|0|0|0|0|0|0|0|0|0|0|0|0|0|0|0|0|0|0|0|0|0|0|0|0|0|0|0|0|0|0|0	0|0|0|0|0|0|0|0|0|0|0|0|0|0|0|0|0|0|0|0|0|0|0|0|0|0|0|0|0|0|0|0|0|0|0|0|0|0|0|0	{午马[完美]|151:0:1}ぐ{属性激活→|250:0:1}{HPMP上限4%|70:0:1}
105	1	未羊[完美]	未羊[完美]	0|0|0|0|0|0|0|0|0|0|0|0|0|0|0|0|0|0|0|0|0|0|0|0|0|0|0|0|0|0|0|0|0|0|0|0|0|0|0|0	4|4|0|0|0|0|0|0|0|0|0|0|0|0|0|0|0|0|0|0|0|0|0|0|0|0|0|0|0|0|0|0|0|0|0|0|0|0|0|0	0|0|0|0|0|0|0|0|0|0|0|0|0|0|0|0|0|0|0|0|0|0|0|0|0|0|0|0|0|0|0|0|0|0|0|0|0|0|0|0	{未羊[完美]|151:0:1}ぐ{属性激活→|250:0:1}{HPMP上限4%|70:0:1}
106	1	申猴[完美]	申猴[完美]	0|0|0|0|0|0|0|0|0|0|0|0|0|0|0|0|0|0|0|0|0|0|0|0|0|0|0|0|0|0|0|0|0|0|0|0|0|0|0|0	0|0|0|0|4|4|4|0|0|0|0|0|0|0|0|0|4|4|4|0|0|0|0|0|0|0|0|0|0|0|0|0|0|0|0|0|0|0|0|0	0|0|0|0|0|0|0|0|0|0|0|0|0|0|0|0|0|0|0|0|0|0|0|0|0|0|0|0|0|0|0|0|0|0|0|0|0|0|0|0	{申猴[完美]|151:0:1}ぐ{属性激活→|250:0:1}{攻魔道+4%|70:0:1}
107	1	酉鸡[完美]	酉鸡[完美]	0|0|0|0|0|0|0|0|0|0|0|0|0|0|0|0|0|0|0|0|0|0|0|0|0|0|0|0|0|0|0|0|0|0|0|0|0|0|0|0	0|0|0|0|4|4|4|0|0|0|0|0|0|0|0|0|4|4|4|0|0|0|0|0|0|0|0|0|0|0|0|0|0|0|0|0|0|0|0|0	0|0|0|0|0|0|0|0|0|0|0|0|0|0|0|0|0|0|0|0|0|0|0|0|0|0|0|0|0|0|0|0|0|0|0|0|0|0|0|0	{酉鸡[完美]|151:0:1}ぐ{属性激活→|250:0:1}{攻魔道+4%|70:0:1}
108	1	戌狗[完美]	戌狗[完美]	0|0|0|0|0|0|0|0|0|0|0|0|0|0|0|0|0|0|0|0|0|0|0|0|0|0|0|0|0|0|0|0|0|0|0|0|0|0|0|0	0|0|0|0|4|4|4|0|0|0|0|0|0|0|0|0|4|4|4|0|0|0|0|0|0|0|0|0|0|0|0|0|0|0|0|0|0|0|0|0	0|0|0|0|0|0|0|0|0|0|0|0|0|0|0|0|0|0|0|0|0|0|0|0|0|0|0|0|0|0|0|0|0|0|0|0|0|0|0|0	{戌狗[完美]|151:0:1}ぐ{属性激活→|250:0:1}{攻魔道+4%|70:0:1}
109	1	亥猪[完美]	亥猪[完美]	0|0|0|0|0|0|0|0|0|0|0|0|0|0|0|0|0|0|0|0|0|0|0|0|0|0|0|0|0|0|0|0|0|0|0|0|0|0|0|0	0|0|0|0|4|4|4|0|0|0|0|0|0|0|0|0|4|4|4|0|0|0|0|0|0|0|0|0|0|0|0|0|0|0|0|0|0|0|0|0	0|0|0|0|0|0|0|0|0|0|0|0|0|0|0|0|0|0|0|0|0|0|0|0|0|0|0|0|0|0|0|0|0|0|0|0|0|0|0|0	{亥猪[完美]|151:0:1}ぐ{属性激活→|250:0:1}{攻魔道+4%|70:0:1}
113	4	四件套	子鼠|丑牛|寅虎|卯兔	0|0|0|0|0|0|0|0|0|0|0|0|0|0|0|0|0|0|0|0|0|0|0|0|0|0|0|0|0|0|0|0|0|0|0|0|0|0|0|0	0|0|0|0|0|0|0|0|0|0|0|0|0|0|0|0|0|0|0|0|0|0|0|0|0|0|0|0|0|0|0|0|0|0|0|0|0|0|0|0	0|0|0|0|0|0|0|0|0|0|0|0|0|0|0|0|0|0|0|0|0|0|0|0|0|0|0|0|0|0|0|0|0|0|0|0|0|0|0|0	{普通四件套|151:0:1}ぐ{鼠、牛、虎、兔属性激活→|250:0:1}{技能伤害额外增加+3%|70:0:1}
114	4	四件套	子鼠[精品]|丑牛[精品]|寅虎[精品]|卯兔[精品]	0|0|0|0|0|0|0|0|0|0|0|0|0|0|0|0|0|0|0|0|0|0|0|0|0|0|0|0|0|0|0|0|0|0|0|0|0|0|0|0	0|0|0|0|0|0|0|0|0|0|0|0|0|0|0|0|0|0|0|0|0|0|0|0|0|0|0|0|0|0|0|0|0|0|0|0|0|0|0|0	0|0|0|0|0|0|0|0|0|0|0|0|0|0|0|0|0|0|0|0|0|0|0|0|0|0|0|0|0|0|0|0|0|0|0|0|0|0|0|0	{[精品]四件套|151:0:1}ぐ{鼠、牛、虎、兔属性激活→|250:0:1}{技能伤害额外增加+6%|70:0:1}
115	4	四件套	子鼠[完美]|丑牛[完美]|寅虎[完美]|卯兔[完美]	0|0|0|0|0|0|0|0|0|0|0|0|0|0|0|0|0|0|0|0|0|0|0|0|0|0|0|0|0|0|0|0|0|0|0|0|0|0|0|0	0|0|0|0|0|0|0|0|0|0|0|0|0|0|0|0|0|0|0|0|0|0|0|0|0|0|0|0|0|0|0|0|0|0|0|0|0|0|0|0	0|0|0|0|0|0|0|0|0|0|0|0|0|0|0|0|0|0|0|0|0|0|0|0|0|0|0|0|0|0|0|0|0|0|0|0|0|0|0|0	{[完美]四件套|151:0:1}ぐ{鼠、牛、虎、兔属性激活→|250:0:1}{技能伤害额外增加+10%|70:0:1}
116	4	四件套	辰龙|巳蛇|午马|未羊	0|0|0|0|0|0|0|0|0|0|0|0|0|0|0|0|0|0|0|0|0|0|0|0|0|0|0|0|0|0|0|0|0|0|0|0|0|0|0|0	3|3|0|0|0|0|0|0|0|0|0|0|0|0|0|0|0|0|0|0|0|0|0|0|0|0|0|0|0|0|0|0|0|0|0|0|0|0|0|0	0|0|0|0|0|0|0|0|0|0|0|0|0|0|0|0|0|0|0|0|0|0|0|0|0|0|0|0|0|0|0|0|0|0|0|0|0|0|0|0	{普通四件套|151:0:1}ぐ{龙、蛇、马、羊属性激活→|250:0:1}{生命值增加额外增加+3%、魔法值增加额外增加+3%|70:0:1}
117	4	四件套	辰龙[精品]|巳蛇[精品]|午马[精品]|未羊[精品]	0|0|0|0|0|0|0|0|0|0|0|0|0|0|0|0|0|0|0|0|0|0|0|0|0|0|0|0|0|0|0|0|0|0|0|0|0|0|0|0	6|6|0|0|0|0|0|0|0|0|0|0|0|0|0|0|0|0|0|0|0|0|0|0|0|0|0|0|0|0|0|0|0|0|0|0|0|0|0|0	0|0|0|0|0|0|0|0|0|0|0|0|0|0|0|0|0|0|0|0|0|0|0|0|0|0|0|0|0|0|0|0|0|0|0|0|0|0|0|0	{[精品]四件套|151:0:1}ぐ{鼠、牛、虎、兔属性激活→|250:0:1}{生命值增加额外增加+6%、魔法值增加额外增加+6%|70:0:1}
118	4	四件套	辰龙[完美]|巳蛇[完美]|午马[完美]|未羊[完美]	0|0|0|0|0|0|0|0|0|0|0|0|0|0|0|0|0|0|0|0|0|0|0|0|0|0|0|0|0|0|0|0|0|0|0|0|0|0|0|0	10|10|0|0|0|0|0|0|0|0|0|0|0|0|0|0|0|0|0|0|0|0|0|0|0|0|0|0|0|0|0|0|0|0|0|0|0|0|0|0	0|0|0|0|0|0|0|0|0|0|0|0|0|0|0|0|0|0|0|0|0|0|0|0|0|0|0|0|0|0|0|0|0|0|0|0|0|0|0|0	{[完美]四件套|151:0:1}ぐ{鼠、牛、虎、兔属性激活→|250:0:1}{生命值增加额外增加+10%、魔法值增加额外增加+10%|70:0:1}
119	4	四件套	申猴|酉鸡|戌狗|亥猪	0|0|0|0|0|0|0|0|0|0|0|0|0|0|0|0|0|0|0|0|0|0|0|0|0|0|0|0|0|0|0|0|0|0|0|0|0|0|0|0	0|0|0|0|3|3|3|0|0|0|0|0|0|0|0|0|3|3|3|0|0|0|0|0|0|0|0|0|0|0|0|0|0|0|0|0|0|0|0|0	0|0|0|0|0|0|0|0|0|0|0|0|0|0|0|0|0|0|0|0|0|0|0|0|0|0|0|0|0|0|0|0|0|0|0|0|0|0|0|0	{普通四件套|151:0:1}ぐ{猴、鸡、狗、猪属性激活→|250:0:1}{攻击额外增加+3%、魔法额外增加+3%、道术额外增加+3%|70:0:1}
120	4	四件套	申猴[精品]|酉鸡[精品]|戌狗[精品]|亥猪[精品]	0|0|0|0|0|0|0|0|0|0|0|0|0|0|0|0|0|0|0|0|0|0|0|0|0|0|0|0|0|0|0|0|0|0|0|0|0|0|0|0	0|0|0|0|6|6|6|0|0|0|0|0|0|0|0|0|6|6|6|0|0|0|0|0|0|0|0|0|0|0|0|0|0|0|0|0|0|0|0|0	0|0|0|0|0|0|0|0|0|0|0|0|0|0|0|0|0|0|0|0|0|0|0|0|0|0|0|0|0|0|0|0|0|0|0|0|0|0|0|0	{[精品]四件套|151:0:1}ぐ{猴、鸡、狗、猪属性激活→|250:0:1}{攻击额外增加+6%、魔法额外增加+6%、道术额外增加+6%|70:0:1}
121	4	四件套	申猴[完美]|酉鸡[完美]|戌狗[完美]|亥猪[完美]	0|0|0|0|0|0|0|0|0|0|0|0|0|0|0|0|0|0|0|0|0|0|0|0|0|0|0|0|0|0|0|0|0|0|0|0|0|0|0|0	0|0|0|0|10|10|10|0|0|0|0|0|0|0|0|0|10|10|10|0|0|0|0|0|0|0|0|0|0|0|0|0|0|0|0|0|0|0|0|0	0|0|0|0|0|0|0|0|0|0|0|0|0|0|0|0|0|0|0|0|0|0|0|0|0|0|0|0|0|0|0|0|0|0|0|0|0|0|0|0	{[完美]四件套|151:0:1}ぐ{猴、鸡、狗、猪属性激活→|250:0:1}{攻击额外增加+10%、魔法额外增加+10%、道术额外增加+10%|70:0:1}
110	12	子鼠普通	子鼠|丑牛|寅虎|卯兔|辰龙|巳蛇|午马|未羊|申猴|酉鸡|戌狗|亥猪	0|0|0|0|0|0|0|0|0|0|0|0|0|0|0|0|0|0|0|0|0|0|0|0|0|0|0|0|0|0|0|0|0|0|0|0|0|0|0|0	0|0|0|0|0|0|0|0|0|0|20|0|0|0|0|0|0|0|0|0|0|0|0|0|0|0|0|0|0|0|0|0|0|0|0|0|0|0|0|0	0|0|0|0|0|0|0|0|0|0|2|0|0|0|0|0|0|0|0|0|0|0|0|0|0|0|0|0|0|0|0|0|0|0|0|0|0|0|0|0	{十二生肖普通|151:0:1}ぐ{全套12件激活→|250:0:1}{防麻痹效果增加+20%|254:0:1}
111	12	子鼠精品	子鼠[精品]|丑牛[精品]|寅虎[精品]|卯兔[精品]|辰龙[精品]|巳蛇[精品]|午马[精品]|未羊[精品]|申猴[精品]|酉鸡[精品]|戌狗[精品]|亥猪[精品]	0|0|0|0|0|0|0|0|0|0|0|0|0|0|0|0|0|0|0|0|0|0|0|0|0|0|0|0|0|0|0|0|0|0|0|0|0|0|0|0	0|0|0|0|0|0|0|0|0|0|40|0|0|0|0|0|0|0|0|0|0|0|0|0|0|0|0|0|0|0|0|0|0|0|0|0|0|0|0|0	0|0|0|0|0|0|0|0|0|0|4|0|0|0|0|0|0|0|0|0|0|0|0|0|0|0|0|0|0|0|0|0|0|0|0|0|0|0|0|0	{十二生肖[精品]|151:0:1}ぐ{全套12件激活→|250:0:1}{防麻痹效果增加+40%|254:0:1}
112	12	子鼠完美	子鼠[完美]|丑牛[完美]|寅虎[完美]|卯兔[完美]|辰龙[完美]|巳蛇[完美]|午马[完美]|未羊[完美]|申猴[完美]|酉鸡[完美]|戌狗[完美]|亥猪[完美]	0|0|0|0|0|0|0|0|0|0|0|0|0|0|0|0|0|0|0|0|0|0|0|0|0|0|0|0|0|0|0|0|0|0|0|0|0|0|0|0	0|0|0|0|0|0|0|0|0|0|80|0|0|0|0|0|0|0|0|0|0|0|0|0|0|0|0|0|0|0|0|0|0|0|0|0|0|0|0|0	0|0|0|0|0|0|0|0|0|0|8|0|0|0|0|0|0|0|0|0|0|0|0|0|0|0|0|0|0|0|0|0|0|0|0|0|0|0|0|0	{十二生肖[完美]|151:0:1}ぐ{全套12件激活→|250:0:1}{防麻痹效果增加+80%|254:0:1}
113	1	雷霆之刃	雷霆之刃	0|0|0|0|0|0|0|0|0|0|0|0|0|0|0|0|0|0|0|0|0|0|0|0|0|0|0|0|0|0|0|0|0|0|0|0|0|0|0|0	5|5|0|0|2|2|2|0|0|0|0|0|0|0|0|0|2|2|2|0|0|0|0|0|0|0|0|0|0|0|0|0|0|0|0|0|0|0|0|0	0|0|0|0|0|0|0|0|0|0|0|0|0|0|0|0|0|0|0|0|0|0|0|0|0|0|0|0|0|0|0|0|0|0|0|0|0|0|0|0	{雷霆之刃|151:0:1}ぐ{属性激活→|250:0:1}{属性效果已生效|70:0:1}
114	1	战神之刃	战神之刃	0|0|0|0|0|0|0|0|0|0|0|0|0|0|0|0|0|0|0|0|0|0|0|0|0|0|0|0|0|0|0|0|0|0|0|0|0|0|0|0	10|10|0|0|4|4|4|0|0|0|0|0|0|0|0|0|4|4|4|0|0|0|0|0|0|0|0|0|0|0|0|0|0|0|0|0|0|0|0|0	0|0|0|0|0|0|0|0|0|0|0|0|0|0|0|0|0|0|0|0|0|0|0|0|0|0|0|0|0|0|0|0|0|0|0|0|0|0|0|0	{战神之刃|151:0:1}ぐ{属性激活→|250:0:1}{属性效果已生效|70:0:1}
115	1	狂雷之刃	狂雷之刃	0|0|0|0|0|0|0|0|0|0|0|0|0|0|0|0|0|0|0|0|0|0|0|0|0|0|0|0|0|0|0|0|0|0|0|0|0|0|0|0	15|15|0|0|6|6|6|0|0|0|0|0|0|0|0|0|6|6|6|0|0|0|0|0|0|0|0|0|0|0|0|0|0|0|0|0|0|0|0|0	0|0|0|0|0|0|0|0|0|0|0|0|0|0|0|0|0|0|0|0|0|0|0|0|0|0|0|0|0|0|0|0|0|0|0|0|0|0|0|0	{狂雷之刃|151:0:1}ぐ{属性激活→|250:0:1}{属性效果已生效|70:0:1}
116	1	火龙之刃	火龙之刃	0|0|0|0|0|0|0|0|0|0|0|0|0|0|0|0|0|0|0|0|0|0|0|0|0|0|0|0|0|0|0|0|0|0|0|0|0|0|0|0	20|20|0|0|8|8|8|0|0|0|0|0|0|0|0|0|8|8|8|0|0|0|0|0|0|0|0|0|0|0|0|0|0|0|0|0|0|0|0|0	0|0|0|0|0|0|0|0|0|0|0|0|0|0|0|0|0|0|0|0|0|0|0|0|0|0|0|0|0|0|0|0|0|0|0|0|0|0|0|0	{火龙之刃|151:0:1}ぐ{属性激活→|250:0:1}{属性效果已生效|70:0:1}
117	1	青虹之刃	青虹之刃	0|0|0|0|0|0|0|0|0|0|0|0|0|0|0|0|0|0|0|0|0|0|0|0|0|0|0|0|0|0|0|0|0|0|0|0|0|0|0|0	25|25|0|0|10|10|10|0|0|0|0|0|0|0|0|0|10|10|10|0|0|0|0|0|0|0|0|0|0|0|0|0|0|0|0|0|0|0|0|0	0|0|0|0|0|0|0|0|0|0|0|0|0|0|0|0|0|0|0|0|0|0|0|0|0|0|0|0|0|0|0|0|0|0|0|0|0|0|0|0	{青虹之刃|151:0:1}ぐ{属性激活→|250:0:1}{属性效果已生效|70:0:1}
118	1	莫邪之刃	莫邪之刃	0|0|0|0|0|0|0|0|0|0|0|0|0|0|0|0|0|0|0|0|0|0|0|0|0|0|0|0|0|0|0|0|0|0|0|0|0|0|0|0	30|30|0|0|12|12|12|0|0|0|0|0|0|0|0|0|12|12|12|0|0|0|0|0|0|0|0|0|0|0|0|0|0|0|0|0|0|0|0|0	0|0|0|0|0|0|0|0|0|0|0|0|0|0|0|0|0|0|0|0|0|0|0|0|0|0|0|0|0|0|0|0|0|0|0|0|0|0|0|0	{莫邪之刃|151:0:1}ぐ{属性激活→|250:0:1}{属性效果已生效|70:0:1}
119	1	龙渊之刃	龙渊之刃	0|0|0|0|0|0|0|0|0|0|0|0|0|0|0|0|0|0|0|0|0|0|0|0|0|0|0|0|0|0|0|0|0|0|0|0|0|0|0|0	35|35|0|0|14|14|14|0|0|0|0|0|0|0|0|0|14|14|14|0|0|0|0|0|0|0|0|0|0|0|0|0|0|0|0|0|0|0|0|0	0|0|0|0|0|0|0|0|0|0|0|0|0|0|0|0|0|0|0|0|0|0|0|0|0|0|0|0|0|0|0|0|0|0|0|0|0|0|0|0	{龙渊之刃|151:0:1}ぐ{属性激活→|250:0:1}{属性效果已生效|70:0:1}
120	1	龙焰之刃	龙焰之刃	0|0|0|0|0|0|0|0|0|0|0|0|0|0|0|0|0|0|0|0|0|0|0|0|0|0|0|0|0|0|0|0|0|0|0|0|0|0|0|0	40|40|0|0|16|16|16|0|0|0|0|0|0|0|0|0|16|16|16|0|0|0|0|0|0|0|0|0|0|0|0|0|0|0|0|0|0|0|0|0	0|0|0|0|0|0|0|0|0|0|0|0|0|0|0|0|0|0|0|0|0|0|0|0|0|0|0|0|0|0|0|0|0|0|0|0|0|0|0|0	{龙焰之刃|151:0:1}ぐ{属性激活→|250:0:1}{属性效果已生效|70:0:1}
121	1	干将之刃	干将之刃	0|0|0|0|0|0|0|0|0|0|0|0|0|0|0|0|0|0|0|0|0|0|0|0|0|0|0|0|0|0|0|0|0|0|0|0|0|0|0|0	45|45|0|0|18|18|18|0|0|0|0|0|0|0|0|0|18|18|18|0|0|0|0|0|0|0|0|0|0|0|0|0|0|0|0|0|0|0|0|0	0|0|0|0|0|0|0|0|0|0|0|0|0|0|0|0|0|0|0|0|0|0|0|0|0|0|0|0|0|0|0|0|0|0|0|0|0|0|0|0	{干将之刃|151:0:1}ぐ{属性激活→|250:0:1}{属性效果已生效|70:0:1}
122	1	巨阕之刃	巨阕之刃	0|0|0|0|0|0|0|0|0|0|0|0|0|0|0|0|0|0|0|0|0|0|0|0|0|0|0|0|0|0|0|0|0|0|0|0|0|0|0|0	50|50|0|0|20|20|20|0|0|0|0|0|0|0|0|0|20|20|20|0|0|0|0|0|0|0|0|0|0|0|0|0|0|0|0|0|0|0|0|0	0|0|0|0|0|0|0|0|0|0|0|0|0|0|0|0|0|0|0|0|0|0|0|0|0|0|0|0|0|0|0|0|0|0|0|0|0|0|0|0	{巨阕之刃|151:0:1}ぐ{属性激活→|250:0:1}{属性效果已生效|70:0:1}
123	1	湛卢之刃	湛卢之刃	0|0|0|0|0|0|0|0|0|0|0|0|0|0|0|0|0|0|0|0|0|0|0|0|0|0|0|0|0|0|0|0|0|0|0|0|0|0|0|0	55|55|0|0|22|22|22|0|0|0|0|0|0|0|0|0|22|22|22|0|0|0|0|0|0|0|0|0|0|0|0|0|0|0|0|0|0|0|0|0	0|0|0|0|0|0|0|0|0|0|0|0|0|0|0|0|0|0|0|0|0|0|0|0|0|0|0|0|0|0|0|0|0|0|0|0|0|0|0|0	{湛卢之刃|151:0:1}ぐ{属性激活→|250:0:1}{属性效果已生效|70:0:1}
124	1	天煞之刃	天煞之刃	0|0|0|0|0|0|0|0|0|0|0|0|0|0|0|0|0|0|0|0|0|0|0|0|0|0|0|0|0|0|0|0|0|0|0|0|0|0|0|0	60|60|0|0|24|24|24|0|0|0|0|0|0|0|0|0|24|24|24|0|0|0|0|0|0|0|0|0|0|0|0|0|0|0|0|0|0|0|0|0	0|0|0|0|0|0|0|0|0|0|0|0|0|0|0|0|0|0|0|0|0|0|0|0|0|0|0|0|0|0|0|0|0|0|0|0|0|0|0|0	{天煞之刃|151:0:1}ぐ{属性激活→|250:0:1}{属性效果已生效|70:0:1}
125	1	英雄之刃	英雄之刃	0|0|0|0|0|0|0|0|0|0|0|0|0|0|0|0|0|0|0|0|0|0|0|0|0|0|0|0|0|0|0|0|0|0|0|0|0|0|0|0	65|65|0|0|26|26|26|0|0|0|0|0|0|0|0|0|26|26|26|0|0|0|0|0|0|0|0|0|0|0|0|0|0|0|0|0|0|0|0|0	0|0|0|0|0|0|0|0|0|0|0|0|0|0|0|0|0|0|0|0|0|0|0|0|0|0|0|0|0|0|0|0|0|0|0|0|0|0|0|0	{英雄之刃|151:0:1}ぐ{属性激活→|250:0:1}{属性效果已生效|70:0:1}
126	1	惊云之刃	惊云之刃	0|0|0|0|0|0|0|0|0|0|0|0|0|0|0|0|0|0|0|0|0|0|0|0|0|0|0|0|0|0|0|0|0|0|0|0|0|0|0|0	70|70|0|0|28|28|28|0|0|0|0|0|0|0|0|0|28|28|28|0|0|0|0|0|0|0|0|0|0|0|0|0|0|0|0|0|0|0|0|0	0|0|0|0|0|0|0|0|0|0|0|0|0|0|0|0|0|0|0|0|0|0|0|0|0|0|0|0|0|0|0|0|0|0|0|0|0|0|0|0	{惊云之刃|151:0:1}ぐ{属性激活→|250:0:1}{属性效果已生效|70:0:1}
127	1	霸业之刃	霸业之刃	0|0|0|0|0|0|0|0|0|0|0|0|0|0|0|0|0|0|0|0|0|0|0|0|0|0|0|0|0|0|0|0|0|0|0|0|0|0|0|0	80|80|0|0|30|30|30|0|0|0|0|0|0|0|0|0|30|30|30|0|0|0|0|0|0|0|0|0|0|0|0|0|0|0|0|0|0|0|0|0	0|0|0|0|0|0|0|0|0|0|0|0|0|0|0|0|0|0|0|0|0|0|0|0|0|0|0|0|0|0|0|0|0|0|0|0|0|0|0|0	{霸业之刃|151:0:1}ぐ{属性激活→|250:0:1}{属性效果已生效|70:0:1}
128	1	雷霆・衣服	雷霆战甲|雷霆战衣	0|0|0|0|0|0|0|0|0|0|0|0|0|0|0|0|0|0|0|0|0|0|0|0|0|0|0|0|0|0|0|0|0|0|0|0|0|0|0|0	5|5|2|2|0|0|0|0|0|0|0|0|0|0|2|2|0|0|0|0|0|0|0|0|0|0|0|0|0|0|0|0|0|0|0|0|0|0|0|0	0|0|0|0|0|0|0|0|0|0|0|0|0|0|0|0|0|0|0|0|0|0|0|0|0|0|0|0|0|0|0|0|0|0|0|0|0|0|0|0	{雷霆衣服|151:0:1}ぐ{属性激活→|250:0:1}{属性效果已生效|70:0:1}
129	1	战神・衣服	战神战甲|战神战衣	0|0|0|0|0|0|0|0|0|0|0|0|0|0|0|0|0|0|0|0|0|0|0|0|0|0|0|0|0|0|0|0|0|0|0|0|0|0|0|0	10|10|4|4|0|0|0|0|0|0|0|0|0|0|4|4|0|0|0|0|0|0|0|0|0|0|0|0|0|0|0|0|0|0|0|0|0|0|0|0	0|0|0|0|0|0|0|0|0|0|0|0|0|0|0|0|0|0|0|0|0|0|0|0|0|0|0|0|0|0|0|0|0|0|0|0|0|0|0|0	{战神衣服|151:0:1}ぐ{属性激活→|250:0:1}{属性效果已生效|70:0:1}
130	1	狂雷・衣服	狂雷战甲|狂雷战衣	0|0|0|0|0|0|0|0|0|0|0|0|0|0|0|0|0|0|0|0|0|0|0|0|0|0|0|0|0|0|0|0|0|0|0|0|0|0|0|0	15|15|6|6|0|0|0|0|0|0|0|0|0|0|6|6|0|0|0|0|0|0|0|0|0|0|0|0|0|0|0|0|0|0|0|0|0|0|0|0	300|300|0|0|0|0|0|0|0|0|0|0|0|0|0|0|0|0|0|0|0|0|0|0|0|0|0|0|0|0|0|0|0|0|0|0|0|0|0|0	{狂雷衣服|151:0:1}ぐ{属性激活→|250:0:1}{属性效果已生效|70:0:1}
131	1	火龙・衣服	火龙战甲|火龙战衣	0|0|0|0|0|0|0|0|0|0|0|0|0|0|0|0|0|0|0|0|0|0|0|0|0|0|0|0|0|0|0|0|0|0|0|0|0|0|0|0	20|20|8|8|0|0|0|0|0|0|0|0|0|0|8|8|0|0|0|0|0|0|0|0|0|0|0|0|0|0|0|0|0|0|0|0|0|0|0|0	0|0|0|0|0|0|0|0|0|0|0|0|0|0|0|0|0|0|0|0|0|0|0|0|0|0|0|0|0|0|0|0|0|0|0|0|0|0|0|0	{火龙衣服|151:0:1}ぐ{属性激活→|250:0:1}{属性效果已生效|70:0:1}
132	1	青虹・衣服	青虹战甲|青虹战衣	0|0|0|0|0|0|0|0|0|0|0|0|0|0|0|0|0|0|0|0|0|0|0|0|0|0|0|0|0|0|0|0|0|0|0|0|0|0|0|0	25|25|10|10|0|0|0|0|0|0|0|0|0|0|10|10|0|0|0|0|0|0|0|0|0|0|0|0|0|0|0|0|0|0|0|0|0|0|0|0	0|0|0|0|0|0|0|0|0|0|0|0|0|0|0|0|0|0|0|0|0|0|0|0|0|0|0|0|0|0|0|0|0|0|0|0|0|0|0|0	{青虹衣服|151:0:1}ぐ{属性激活→|250:0:1}{属性效果已生效|70:0:1}
133	1	莫邪・衣服	莫邪战甲|莫邪战衣	0|0|0|0|0|0|0|0|0|0|0|0|0|0|0|0|0|0|0|0|0|0|0|0|0|0|0|0|0|0|0|0|0|0|0|0|0|0|0|0	30|30|12|12|0|0|0|0|0|0|0|0|0|0|12|12|0|0|0|0|0|0|0|0|0|0|0|0|0|0|0|0|0|0|0|0|0|0|0|0	0|0|0|0|0|0|0|0|0|0|0|0|0|0|0|0|0|0|0|0|0|0|0|0|0|0|0|0|0|0|0|0|0|0|0|0|0|0|0|0	{莫邪衣服|151:0:1}ぐ{属性激活→|250:0:1}{属性效果已生效|70:0:1}
134	1	龙渊・衣服	龙渊战甲|龙渊战衣	0|0|0|0|0|0|0|0|0|0|0|0|0|0|0|0|0|0|0|0|0|0|0|0|0|0|0|0|0|0|0|0|0|0|0|0|0|0|0|0	35|35|14|14|0|0|0|0|0|0|0|0|0|0|14|14|0|0|0|0|0|0|0|0|0|0|0|0|0|0|0|0|0|0|0|0|0|0|0|0	0|0|0|0|0|0|0|0|0|0|0|0|0|0|0|0|0|0|0|0|0|0|0|0|0|0|0|0|0|0|0|0|0|0|0|0|0|0|0|0	{龙渊衣服|151:0:1}ぐ{属性激活→|250:0:1}{属性效果已生效|70:0:1}
135	1	龙焰・衣服	龙焰战甲|龙焰战衣	0|0|0|0|0|0|0|0|0|0|0|0|0|0|0|0|0|0|0|0|0|0|0|0|0|0|0|0|0|0|0|0|0|0|0|0|0|0|0|0	40|40|16|16|0|0|0|0|0|0|0|0|0|0|16|16|0|0|0|0|0|0|0|0|0|0|0|0|0|0|0|0|0|0|0|0|0|0|0|0	0|0|0|0|0|0|0|0|0|0|0|0|0|0|0|0|0|0|0|0|0|0|0|0|0|0|0|0|0|0|0|0|0|0|0|0|0|0|0|0	{龙焰衣服|151:0:1}ぐ{属性激活→|250:0:1}{属性效果已生效|70:0:1}
136	1	干将・衣服	干将战甲|干将战衣	0|0|0|0|0|0|0|0|0|0|0|0|0|0|0|0|0|0|0|0|0|0|0|0|0|0|0|0|0|0|0|0|0|0|0|0|0|0|0|0	45|45|18|18|0|0|0|0|0|0|0|0|0|0|18|18|0|0|0|0|0|0|0|0|0|0|0|0|0|0|0|0|0|0|0|0|0|0|0|0	0|0|0|0|0|0|0|0|0|0|0|0|0|0|0|0|0|0|0|0|0|0|0|0|0|0|0|0|0|0|0|0|0|0|0|0|0|0|0|0	{干将衣服|151:0:1}ぐ{属性激活→|250:0:1}{属性效果已生效|70:0:1}
137	1	巨阕・衣服	巨阕战甲|巨阕战衣	0|0|0|0|0|0|0|0|0|0|0|0|0|0|0|0|0|0|0|0|0|0|0|0|0|0|0|0|0|0|0|0|0|0|0|0|0|0|0|0	50|50|20|20|0|0|0|0|0|0|0|0|0|0|20|20|0|0|0|0|0|0|0|0|0|0|0|0|0|0|0|0|0|0|0|0|0|0|0|0	0|0|0|0|0|0|0|0|0|0|0|0|0|0|0|0|0|0|0|0|0|0|0|0|0|0|0|0|0|0|0|0|0|0|0|0|0|0|0|0	{巨阕衣服|151:0:1}ぐ{属性激活→|250:0:1}{属性效果已生效|70:0:1}
138	1	湛卢・衣服	湛卢战甲|湛卢战衣	0|0|0|0|0|0|0|0|0|0|0|0|0|0|0|0|0|0|0|0|0|0|0|0|0|0|0|0|0|0|0|0|0|0|0|0|0|0|0|0	55|55|22|22|0|0|0|0|0|0|0|0|0|0|22|22|0|0|0|0|0|0|0|0|0|0|0|0|0|0|0|0|0|0|0|0|0|0|0|0	0|0|0|0|0|0|0|0|0|0|0|0|0|0|0|0|0|0|0|0|0|0|0|0|0|0|0|0|0|0|0|0|0|0|0|0|0|0|0|0	{湛卢衣服|151:0:1}ぐ{属性激活→|250:0:1}{属性效果已生效|70:0:1}
139	1	天煞・衣服	天煞战甲|天煞战衣	0|0|0|0|0|0|0|0|0|0|0|0|0|0|0|0|0|0|0|0|0|0|0|0|0|0|0|0|0|0|0|0|0|0|0|0|0|0|0|0	60|60|24|24|0|0|0|0|0|0|0|0|0|0|24|24|0|0|0|0|0|0|0|0|0|0|0|0|0|0|0|0|0|0|0|0|0|0|0|0	0|0|0|0|0|0|0|0|0|0|0|0|0|0|0|0|0|0|0|0|0|0|0|0|0|0|0|0|0|0|0|0|0|0|0|0|0|0|0|0	{天煞衣服|151:0:1}ぐ{属性激活→|250:0:1}{属性效果已生效|70:0:1}
140	1	英雄・衣服	英雄战甲|英雄战衣	0|0|0|0|0|0|0|0|0|0|0|0|0|0|0|0|0|0|0|0|0|0|0|0|0|0|0|0|0|0|0|0|0|0|0|0|0|0|0|0	65|65|26|26|0|0|0|0|0|0|0|0|0|0|26|26|0|0|0|0|0|0|0|0|0|0|0|0|0|0|0|0|0|0|0|0|0|0|0|0	0|0|0|0|0|0|0|0|0|0|0|0|0|0|0|0|0|0|0|0|0|0|0|0|0|0|0|0|0|0|0|0|0|0|0|0|0|0|0|0	{英雄衣服|151:0:1}ぐ{属性激活→|250:0:1}{属性效果已生效|70:0:1}
141	1	惊云・衣服	惊云战甲|惊云战衣	0|0|0|0|0|0|0|0|0|0|0|0|0|0|0|0|0|0|0|0|0|0|0|0|0|0|0|0|0|0|0|0|0|0|0|0|0|0|0|0	70|70|28|28|0|0|0|0|0|0|0|0|0|0|28|28|0|0|0|0|0|0|0|0|0|0|0|0|0|0|0|0|0|0|0|0|0|0|0|0	0|0|0|0|0|0|0|0|0|0|0|0|0|0|0|0|0|0|0|0|0|0|0|0|0|0|0|0|0|0|0|0|0|0|0|0|0|0|0|0	{惊云衣服|151:0:1}ぐ{属性激活→|250:0:1}{属性效果已生效|70:0:1}
142	1	霸业・衣服	霸业战甲|霸业战衣	0|0|0|0|0|0|0|0|0|0|0|0|0|0|0|0|0|0|0|0|0|0|0|0|0|0|0|0|0|0|0|0|0|0|0|0|0|0|0|0	80|80|30|30|0|0|0|0|0|0|0|0|0|0|30|30|0|0|0|0|0|0|0|0|0|0|0|0|0|0|0|0|0|0|0|0|0|0|0|0	0|0|0|0|0|0|0|0|0|0|0|0|0|0|0|0|0|0|0|0|0|0|0|0|0|0|0|0|0|0|0|0|0|0|0|0|0|0|0|0	{霸业衣服|151:0:1}ぐ{属性激活→|250:0:1}{属性效果已生效|70:0:1}
143	2	雷霆头盔・项链	雷霆头盔|雷霆项链	0|0|0|0|0|0|0|0|0|0|0|0|0|0|0|0|0|0|0|0|0|0|0|0|0|0|0|0|0|0|0|0|0|0|0|0|0|0|0|0	0|0|0|0|0|0|0|0|0|0|0|0|0|0|0|0|0|0|0|0|0|0|0|0|0|0|0|0|0|0|0|0|0|0|0|0|0|0|0|0	50|50|0|0|5|5|5|0|0|0|0|0|0|0|0|0|5|5|5|0|0|0|0|0|0|0|0|0|0|0|0|0|0|0|0|0|0|0|0|0	{雷霆头盔|151:0:1}ぐ{属性激活→|250:0:1}{属性效果已生效|70:0:1}
144	2	战神头盔・项链	战神头盔|战神项链	0|0|0|0|0|0|0|0|0|0|0|0|0|0|0|0|0|0|0|0|0|0|0|0|0|0|0|0|0|0|0|0|0|0|0|0|0|0|0|0	0|0|0|0|0|0|0|0|0|0|0|0|0|0|0|0|0|0|0|0|0|0|0|0|0|0|0|0|0|0|0|0|0|0|0|0|0|0|0|0	100|100|0|0|10|10|10|0|0|0|0|0|0|0|0|0|10|10|10|0|0|0|0|0|0|0|0|0|0|0|0|0|0|0|0|0|0|0|0|0	{战神头盔・项链2件|151:0:1}ぐ{属性激活→|250:0:1}{属性效果已生效|70:0:1}
145	2	狂雷头盔・项链	狂雷头盔|狂雷项链	0|0|0|0|0|0|0|0|0|0|0|0|0|0|0|0|0|0|0|0|0|0|0|0|0|0|0|0|0|0|0|0|0|0|0|0|0|0|0|0	0|0|0|0|0|0|0|0|0|0|0|0|0|0|0|0|0|0|0|0|0|0|0|0|0|0|0|0|0|0|0|0|0|0|0|0|0|0|0|0	150|150|0|0|15|15|15|0|0|0|0|0|0|0|0|0|15|15|15|0|0|0|0|0|0|0|0|0|0|0|0|0|0|0|0|0|0|0|0|0	{狂雷头盔・项链2件|151:0:1}ぐ{属性激活→|250:0:1}{属性效果已生效|70:0:1}
146	2	火龙头盔・项链	火龙头盔|火龙项链	0|0|0|0|0|0|0|0|0|0|0|0|0|0|0|0|0|0|0|0|0|0|0|0|0|0|0|0|0|0|0|0|0|0|0|0|0|0|0|0	0|0|0|0|0|0|0|0|0|0|0|0|0|0|0|0|0|0|0|0|0|0|0|0|0|0|0|0|0|0|0|0|0|0|0|0|0|0|0|0	200|200|0|0|20|20|20|0|0|0|0|0|0|0|0|0|20|20|20|0|0|0|0|0|0|0|0|0|0|0|0|0|0|0|0|0|0|0|0|0	{火龙头盔・项链2件|151:0:1}ぐ{属性激活→|250:0:1}{属性效果已生效|70:0:1}
147	2	青虹头盔・项链	青虹头盔|青虹项链	0|0|0|0|0|0|0|0|0|0|0|0|0|0|0|0|0|0|0|0|0|0|0|0|0|0|0|0|0|0|0|0|0|0|0|0|0|0|0|0	0|0|0|0|0|0|0|0|0|0|0|0|0|0|0|0|0|0|0|0|0|0|0|0|0|0|0|0|0|0|0|0|0|0|0|0|0|0|0|0	250|250|0|0|25|25|25|0|0|0|0|0|0|0|0|0|25|25|25|0|0|0|0|0|0|0|0|0|0|0|0|0|0|0|0|0|0|0|0|0	{青虹头盔・项链2件|151:0:1}ぐ{属性激活→|250:0:1}{属性效果已生效|70:0:1}
148	2	莫邪头盔・项链	莫邪头盔|莫邪项链	0|0|0|0|0|0|0|0|0|0|0|0|0|0|0|0|0|0|0|0|0|0|0|0|0|0|0|0|0|0|0|0|0|0|0|0|0|0|0|0	0|0|0|0|0|0|0|0|0|0|0|0|0|0|0|0|0|0|0|0|0|0|0|0|0|0|0|0|0|0|0|0|0|0|0|0|0|0|0|0	300|300|0|0|30|30|30|0|0|0|0|0|0|0|0|0|30|30|30|0|0|0|0|0|0|0|0|0|0|0|0|0|0|0|0|0|0|0|0|0	{莫邪头盔・项链2件|151:0:1}ぐ{属性激活→|250:0:1}{属性效果已生效|70:0:1}
149	2	龙渊头盔・项链	龙渊头盔|龙渊项链	0|0|0|0|0|0|0|0|0|0|0|0|0|0|0|0|0|0|0|0|0|0|0|0|0|0|0|0|0|0|0|0|0|0|0|0|0|0|0|0	0|0|0|0|0|0|0|0|0|0|0|0|0|0|0|0|0|0|0|0|0|0|0|0|0|0|0|0|0|0|0|0|0|0|0|0|0|0|0|0	350|350|0|0|35|35|35|0|0|0|0|0|0|0|0|0|35|35|35|0|0|0|0|0|0|0|0|0|0|0|0|0|0|0|0|0|0|0|0|0	{龙渊头盔・项链2件|151:0:1}ぐ{属性激活→|250:0:1}{属性效果已生效|70:0:1}
150	2	龙焰头盔・项链	龙焰头盔|龙焰项链	0|0|0|0|0|0|0|0|0|0|0|0|0|0|0|0|0|0|0|0|0|0|0|0|0|0|0|0|0|0|0|0|0|0|0|0|0|0|0|0	0|0|0|0|0|0|0|0|0|0|0|0|0|0|0|0|0|0|0|0|0|0|0|0|0|0|0|0|0|0|0|0|0|0|0|0|0|0|0|0	400|400|0|0|40|40|40|0|0|0|0|0|0|0|0|0|40|40|40|0|0|0|0|0|0|0|0|0|0|0|0|0|0|0|0|0|0|0|0|0	{龙焰头盔・项链2件|151:0:1}ぐ{属性激活→|250:0:1}{属性效果已生效|70:0:1}
151	2	干将头盔・项链	干将头盔|干将项链	0|0|0|0|0|0|0|0|0|0|0|0|0|0|0|0|0|0|0|0|0|0|0|0|0|0|0|0|0|0|0|0|0|0|0|0|0|0|0|0	0|0|0|0|0|0|0|0|0|0|0|0|0|0|0|0|0|0|0|0|0|0|0|0|0|0|0|0|0|0|0|0|0|0|0|0|0|0|0|0	450|450|0|0|45|45|45|0|0|0|0|0|0|0|0|0|45|45|45|0|0|0|0|0|0|0|0|0|0|0|0|0|0|0|0|0|0|0|0|0	{干将头盔・项链2件|151:0:1}ぐ{属性激活→|250:0:1}{属性效果已生效|70:0:1}
152	2	巨阕头盔・项链	巨阕头盔|巨阕项链	0|0|0|0|0|0|0|0|0|0|0|0|0|0|0|0|0|0|0|0|0|0|0|0|0|0|0|0|0|0|0|0|0|0|0|0|0|0|0|0	0|0|0|0|0|0|0|0|0|0|0|0|0|0|0|0|0|0|0|0|0|0|0|0|0|0|0|0|0|0|0|0|0|0|0|0|0|0|0|0	500|500|0|0|50|50|50|0|0|0|0|0|0|0|0|0|50|50|50|0|0|0|0|0|0|0|0|0|0|0|0|0|0|0|0|0|0|0|0|0	{巨阕头盔・项链2件|151:0:1}ぐ{属性激活→|250:0:1}{属性效果已生效|70:0:1}
153	2	湛卢头盔・项链	湛卢头盔|湛卢项链	0|0|0|0|0|0|0|0|0|0|0|0|0|0|0|0|0|0|0|0|0|0|0|0|0|0|0|0|0|0|0|0|0|0|0|0|0|0|0|0	0|0|0|0|0|0|0|0|0|0|0|0|0|0|0|0|0|0|0|0|0|0|0|0|0|0|0|0|0|0|0|0|0|0|0|0|0|0|0|0	550|550|0|0|55|55|55|0|0|0|0|0|0|0|0|0|55|55|55|0|0|0|0|0|0|0|0|0|0|0|0|0|0|0|0|0|0|0|0|0	{湛卢头盔・项链2件|151:0:1}ぐ{属性激活→|250:0:1}{属性效果已生效|70:0:1}
154	2	天煞头盔・项链	天煞头盔|天煞项链	0|0|0|0|0|0|0|0|0|0|0|0|0|0|0|0|0|0|0|0|0|0|0|0|0|0|0|0|0|0|0|0|0|0|0|0|0|0|0|0	0|0|0|0|0|0|0|0|0|0|0|0|0|0|0|0|0|0|0|0|0|0|0|0|0|0|0|0|0|0|0|0|0|0|0|0|0|0|0|0	600|600|0|0|60|60|60|0|0|0|0|0|0|0|0|0|60|60|60|0|0|0|0|0|0|0|0|0|0|0|0|0|0|0|0|0|0|0|0|0	{天煞头盔・项链2件|151:0:1}ぐ{属性激活→|250:0:1}{属性效果已生效|70:0:1}
155	2	英雄头盔・项链	英雄头盔|英雄项链	0|0|0|0|0|0|0|0|0|0|0|0|0|0|0|0|0|0|0|0|0|0|0|0|0|0|0|0|0|0|0|0|0|0|0|0|0|0|0|0	0|0|0|0|0|0|0|0|0|0|0|0|0|0|0|0|0|0|0|0|0|0|0|0|0|0|0|0|0|0|0|0|0|0|0|0|0|0|0|0	650|6500|0|0|65|65|65|0|0|0|0|0|0|0|0|0|65|65|65|0|0|0|0|0|0|0|0|0|0|0|0|0|0|0|0|0|0|0|0|0	{英雄头盔・项链2件|151:0:1}ぐ{属性激活→|250:0:1}{属性效果已生效|70:0:1}
156	2	惊云头盔・项链	惊云头盔|惊云项链	0|0|0|0|0|0|0|0|0|0|0|0|0|0|0|0|0|0|0|0|0|0|0|0|0|0|0|0|0|0|0|0|0|0|0|0|0|0|0|0	0|0|0|0|0|0|0|0|0|0|0|0|0|0|0|0|0|0|0|0|0|0|0|0|0|0|0|0|0|0|0|0|0|0|0|0|0|0|0|0	700|700|0|0|70|70|70|0|0|0|0|0|0|0|0|0|70|70|70|0|0|0|0|0|0|0|0|0|0|0|0|0|0|0|0|0|0|0|0|0	{惊云头盔・项链2件|151:0:1}ぐ{属性激活→|250:0:1}{属性效果已生效|70:0:1}
157	2	霸业头盔・项链	霸业头盔|霸业项链	0|0|0|0|0|0|0|0|0|0|0|0|0|0|0|0|0|0|0|0|0|0|0|0|0|0|0|0|0|0|0|0|0|0|0|0|0|0|0|0	0|0|0|0|0|0|0|0|0|0|0|0|0|0|0|0|0|0|0|0|0|0|0|0|0|0|0|0|0|0|0|0|0|0|0|0|0|0|0|0	800|800|0|0|80|80|80|0|0|0|0|0|0|0|0|0|80|80|80|0|0|0|0|0|0|0|0|0|0|0|0|0|0|0|0|0|0|0|0|0	{霸业头盔・项链2件|151:0:1}ぐ{属性激活→|250:0:1}{属性效果已生效|70:0:1}
158	2	雷霆手镯・戒指	雷霆手镯|雷霆戒指	0|0|0|0|0|0|0|0|0|0|0|0|0|0|0|0|0|0|0|0|0|0|0|0|0|0|0|0|0|0|0|0|0|0|0|0|0|0|0|0	0|0|0|0|0|0|0|0|0|0|0|0|0|0|0|0|0|0|0|0|0|0|0|0|0|0|0|0|0|0|0|0|0|0|0|0|0|0|0|0	50|50|0|0|5|5|5|0|0|0|0|0|0|0|0|0|5|5|5|0|0|0|0|0|0|0|0|0|0|0|0|0|0|0|0|0|0|0|0|0	{雷霆手镯・戒指2件|151:0:1}ぐ{属性激活→|250:0:1}{属性效果已生效|70:0:1}
159	2	战神手镯・戒指	战神手镯|战神戒指	0|0|0|0|0|0|0|0|0|0|0|0|0|0|0|0|0|0|0|0|0|0|0|0|0|0|0|0|0|0|0|0|0|0|0|0|0|0|0|0	0|0|0|0|0|0|0|0|0|0|0|0|0|0|0|0|0|0|0|0|0|0|0|0|0|0|0|0|0|0|0|0|0|0|0|0|0|0|0|0	100|100|0|0|10|10|10|0|0|0|0|0|0|0|0|0|10|10|10|0|0|0|0|0|0|0|0|0|0|0|0|0|0|0|0|0|0|0|0|0	{战神手镯・戒指2件|151:0:1}ぐ{属性激活→|250:0:1}{属性效果已生效|70:0:1}
160	2	狂雷手镯・戒指	狂雷手镯|狂雷戒指	0|0|0|0|0|0|0|0|0|0|0|0|0|0|0|0|0|0|0|0|0|0|0|0|0|0|0|0|0|0|0|0|0|0|0|0|0|0|0|0	0|0|0|0|0|0|0|0|0|0|0|0|0|0|0|0|0|0|0|0|0|0|0|0|0|0|0|0|0|0|0|0|0|0|0|0|0|0|0|0	150|150|0|0|15|15|15|0|0|0|0|0|0|0|0|0|15|15|15|0|0|0|0|0|0|0|0|0|0|0|0|0|0|0|0|0|0|0|0|0	{狂雷手镯・戒指2件|151:0:1}ぐ{属性激活→|250:0:1}{属性效果已生效|70:0:1}
161	2	火龙手镯・戒指	火龙手镯|火龙戒指	0|0|0|0|0|0|0|0|0|0|0|0|0|0|0|0|0|0|0|0|0|0|0|0|0|0|0|0|0|0|0|0|0|0|0|0|0|0|0|0	0|0|0|0|0|0|0|0|0|0|0|0|0|0|0|0|0|0|0|0|0|0|0|0|0|0|0|0|0|0|0|0|0|0|0|0|0|0|0|0	200|200|0|0|20|20|20|0|0|0|0|0|0|0|0|0|20|20|20|0|0|0|0|0|0|0|0|0|0|0|0|0|0|0|0|0|0|0|0|0	{火龙手镯・戒指2件|151:0:1}ぐ{属性激活→|250:0:1}{属性效果已生效|70:0:1}
162	2	青虹手镯・戒指	青虹手镯|青虹戒指	0|0|0|0|0|0|0|0|0|0|0|0|0|0|0|0|0|0|0|0|0|0|0|0|0|0|0|0|0|0|0|0|0|0|0|0|0|0|0|0	0|0|0|0|0|0|0|0|0|0|0|0|0|0|0|0|0|0|0|0|0|0|0|0|0|0|0|0|0|0|0|0|0|0|0|0|0|0|0|0	250|250|0|0|25|25|25|0|0|0|0|0|0|0|0|0|25|25|25|0|0|0|0|0|0|0|0|0|0|0|0|0|0|0|0|0|0|0|0|0	{青虹手镯・戒指2件|151:0:1}ぐ{属性激活→|250:0:1}{属性效果已生效|70:0:1}
163	2	莫邪手镯・戒指	莫邪手镯|莫邪戒指	0|0|0|0|0|0|0|0|0|0|0|0|0|0|0|0|0|0|0|0|0|0|0|0|0|0|0|0|0|0|0|0|0|0|0|0|0|0|0|0	0|0|0|0|0|0|0|0|0|0|0|0|0|0|0|0|0|0|0|0|0|0|0|0|0|0|0|0|0|0|0|0|0|0|0|0|0|0|0|0	300|300|0|0|30|30|30|0|0|0|0|0|0|0|0|0|30|30|30|0|0|0|0|0|0|0|0|0|0|0|0|0|0|0|0|0|0|0|0|0	{莫邪手镯・戒指2件|151:0:1}ぐ{属性激活→|250:0:1}{属性效果已生效|70:0:1}
164	2	龙渊手镯・戒指	龙渊手镯|龙渊戒指	0|0|0|0|0|0|0|0|0|0|0|0|0|0|0|0|0|0|0|0|0|0|0|0|0|0|0|0|0|0|0|0|0|0|0|0|0|0|0|0	0|0|0|0|0|0|0|0|0|0|0|0|0|0|0|0|0|0|0|0|0|0|0|0|0|0|0|0|0|0|0|0|0|0|0|0|0|0|0|0	350|350|0|0|35|35|35|0|0|0|0|0|0|0|0|0|35|35|35|0|0|0|0|0|0|0|0|0|0|0|0|0|0|0|0|0|0|0|0|0	{龙渊手镯・戒指2件|151:0:1}ぐ{属性激活→|250:0:1}{属性效果已生效|70:0:1}
165	2	龙焰手镯・戒指	龙焰手镯|龙焰戒指	0|0|0|0|0|0|0|0|0|0|0|0|0|0|0|0|0|0|0|0|0|0|0|0|0|0|0|0|0|0|0|0|0|0|0|0|0|0|0|0	0|0|0|0|0|0|0|0|0|0|0|0|0|0|0|0|0|0|0|0|0|0|0|0|0|0|0|0|0|0|0|0|0|0|0|0|0|0|0|0	400|400|0|0|40|40|40|0|0|0|0|0|0|0|0|0|40|40|40|0|0|0|0|0|0|0|0|0|0|0|0|0|0|0|0|0|0|0|0|0	{龙焰手镯・戒指2件|151:0:1}ぐ{属性激活→|250:0:1}{属性效果已生效|70:0:1}
166	2	干将手镯・戒指	干将手镯|干将戒指	0|0|0|0|0|0|0|0|0|0|0|0|0|0|0|0|0|0|0|0|0|0|0|0|0|0|0|0|0|0|0|0|0|0|0|0|0|0|0|0	0|0|0|0|0|0|0|0|0|0|0|0|0|0|0|0|0|0|0|0|0|0|0|0|0|0|0|0|0|0|0|0|0|0|0|0|0|0|0|0	450|450|0|0|45|45|45|0|0|0|0|0|0|0|0|0|45|45|45|0|0|0|0|0|0|0|0|0|0|0|0|0|0|0|0|0|0|0|0|0	{干将手镯・戒指2件|151:0:1}ぐ{属性激活→|250:0:1}{属性效果已生效|70:0:1}
167	2	巨阕手镯・戒指	巨阕手镯|巨阕戒指	0|0|0|0|0|0|0|0|0|0|0|0|0|0|0|0|0|0|0|0|0|0|0|0|0|0|0|0|0|0|0|0|0|0|0|0|0|0|0|0	0|0|0|0|0|0|0|0|0|0|0|0|0|0|0|0|0|0|0|0|0|0|0|0|0|0|0|0|0|0|0|0|0|0|0|0|0|0|0|0	500|500|0|0|50|50|50|0|0|0|0|0|0|0|0|0|50|50|50|0|0|0|0|0|0|0|0|0|0|0|0|0|0|0|0|0|0|0|0|0	{巨阕手镯・戒指2件|151:0:1}ぐ{属性激活→|250:0:1}{属性效果已生效|70:0:1}
168	2	湛卢手镯・戒指	湛卢手镯|湛卢戒指	0|0|0|0|0|0|0|0|0|0|0|0|0|0|0|0|0|0|0|0|0|0|0|0|0|0|0|0|0|0|0|0|0|0|0|0|0|0|0|0	0|0|0|0|0|0|0|0|0|0|0|0|0|0|0|0|0|0|0|0|0|0|0|0|0|0|0|0|0|0|0|0|0|0|0|0|0|0|0|0	550|550|0|0|55|55|55|0|0|0|0|0|0|0|0|0|55|55|55|0|0|0|0|0|0|0|0|0|0|0|0|0|0|0|0|0|0|0|0|0	{湛卢手镯・戒指2件|151:0:1}ぐ{属性激活→|250:0:1}{属性效果已生效|70:0:1}
169	2	天煞手镯・戒指	天煞手镯|天煞戒指	0|0|0|0|0|0|0|0|0|0|0|0|0|0|0|0|0|0|0|0|0|0|0|0|0|0|0|0|0|0|0|0|0|0|0|0|0|0|0|0	0|0|0|0|0|0|0|0|0|0|0|0|0|0|0|0|0|0|0|0|0|0|0|0|0|0|0|0|0|0|0|0|0|0|0|0|0|0|0|0	600|600|0|0|60|60|60|0|0|0|0|0|0|0|0|0|60|60|60|0|0|0|0|0|0|0|0|0|0|0|0|0|0|0|0|0|0|0|0|0	{天煞手镯・戒指2件|151:0:1}ぐ{属性激活→|250:0:1}{属性效果已生效|70:0:1}
170	2	英雄手镯・戒指	英雄手镯|英雄戒指	0|0|0|0|0|0|0|0|0|0|0|0|0|0|0|0|0|0|0|0|0|0|0|0|0|0|0|0|0|0|0|0|0|0|0|0|0|0|0|0	0|0|0|0|0|0|0|0|0|0|0|0|0|0|0|0|0|0|0|0|0|0|0|0|0|0|0|0|0|0|0|0|0|0|0|0|0|0|0|0	650|650|0|0|65|65|65|0|0|0|0|0|0|0|0|0|65|65|65|0|0|0|0|0|0|0|0|0|0|0|0|0|0|0|0|0|0|0|0|0	{英雄手镯・戒指2件|151:0:1}ぐ{属性激活→|250:0:1}{属性效果已生效|70:0:1}
171	2	惊云手镯・戒指	惊云手镯|惊云戒指	0|0|0|0|0|0|0|0|0|0|0|0|0|0|0|0|0|0|0|0|0|0|0|0|0|0|0|0|0|0|0|0|0|0|0|0|0|0|0|0	0|0|0|0|0|0|0|0|0|0|0|0|0|0|0|0|0|0|0|0|0|0|0|0|0|0|0|0|0|0|0|0|0|0|0|0|0|0|0|0	700|700|0|0|70|70|70|0|0|0|0|0|0|0|0|0|70|70|70|0|0|0|0|0|0|0|0|0|0|0|0|0|0|0|0|0|0|0|0|0	{惊云手镯・戒指2件|151:0:1}ぐ{属性激活→|250:0:1}{属性效果已生效|70:0:1}
172	2	霸业手镯・戒指	霸业手镯|霸业戒指	0|0|0|0|0|0|0|0|0|0|0|0|0|0|0|0|0|0|0|0|0|0|0|0|0|0|0|0|0|0|0|0|0|0|0|0|0|0|0|0	0|0|0|0|0|0|0|0|0|0|0|0|0|0|0|0|0|0|0|0|0|0|0|0|0|0|0|0|0|0|0|0|0|0|0|0|0|0|0|0	800|800|0|0|80|80|80|0|0|0|0|0|0|0|0|0|80|80|80|0|0|0|0|0|0|0|0|0|0|0|0|0|0|0|0|0|0|0|0|0	{霸业手镯・戒指2件|151:0:1}ぐ{属性激活→|250:0:1}{属性效果已生效|70:0:1}
173	2	雷霆腰带・靴子	雷霆腰带|雷霆靴子	0|0|0|0|0|0|0|0|0|0|0|0|0|0|0|0|0|0|0|0|0|0|0|0|0|0|0|0|0|0|0|0|0|0|0|0|0|0|0|0	0|0|0|0|0|0|0|0|0|0|0|0|0|0|0|0|0|0|0|0|0|0|0|0|0|0|0|0|0|0|0|0|0|0|0|0|0|0|0|0	50|50|5|5|0|0|0|0|0|0|0|0|0|0|5|5|0|0|0|0|0|0|0|0|0|0|0|0|0|0|0|0|0|0|0|0|0|0|0|0	{雷霆腰带・靴子2件|151:0:1}ぐ{属性激活→|250:0:1}{属性效果已生效|70:0:1}
174	2	战神腰带・靴子	战神腰带|战神靴子	0|0|0|0|0|0|0|0|0|0|0|0|0|0|0|0|0|0|0|0|0|0|0|0|0|0|0|0|0|0|0|0|0|0|0|0|0|0|0|0	0|0|0|0|0|0|0|0|0|0|0|0|0|0|0|0|0|0|0|0|0|0|0|0|0|0|0|0|0|0|0|0|0|0|0|0|0|0|0|0	100|100|10|10|0|0|0|0|0|0|0|0|0|0|10|10|0|0|0|0|0|0|0|0|0|0|0|0|0|0|0|0|0|0|0|0|0|0|0|0	{战神腰带・靴子2件|151:0:1}ぐ{属性激活→|250:0:1}{属性效果已生效|70:0:1}
175	2	狂雷腰带・靴子	狂雷腰带|狂雷靴子	0|0|0|0|0|0|0|0|0|0|0|0|0|0|0|0|0|0|0|0|0|0|0|0|0|0|0|0|0|0|0|0|0|0|0|0|0|0|0|0	0|0|0|0|0|0|0|0|0|0|0|0|0|0|0|0|0|0|0|0|0|0|0|0|0|0|0|0|0|0|0|0|0|0|0|0|0|0|0|0	150|150|15|15|0|0|0|0|0|0|0|0|0|0|15|15|0|0|0|0|0|0|0|0|0|0|0|0|0|0|0|0|0|0|0|0|0|0|0|0	{狂雷腰带・靴子2件|151:0:1}ぐ{属性激活→|250:0:1}{属性效果已生效|70:0:1}
176	2	火龙腰带・靴子	火龙腰带|火龙靴子	0|0|0|0|0|0|0|0|0|0|0|0|0|0|0|0|0|0|0|0|0|0|0|0|0|0|0|0|0|0|0|0|0|0|0|0|0|0|0|0	0|0|0|0|0|0|0|0|0|0|0|0|0|0|0|0|0|0|0|0|0|0|0|0|0|0|0|0|0|0|0|0|0|0|0|0|0|0|0|0	200|200|20|20|0|0|0|0|0|0|0|0|0|0|20|20|0|0|0|0|0|0|0|0|0|0|0|0|0|0|0|0|0|0|0|0|0|0|0|0	{火龙腰带・靴子2件|151:0:1}ぐ{属性激活→|250:0:1}{属性效果已生效|70:0:1}
177	2	青虹腰带・靴子	青虹腰带|青虹靴子	0|0|0|0|0|0|0|0|0|0|0|0|0|0|0|0|0|0|0|0|0|0|0|0|0|0|0|0|0|0|0|0|0|0|0|0|0|0|0|0	0|0|0|0|0|0|0|0|0|0|0|0|0|0|0|0|0|0|0|0|0|0|0|0|0|0|0|0|0|0|0|0|0|0|0|0|0|0|0|0	250|250|25|25|0|0|0|0|0|0|0|0|0|0|25|25|0|0|0|0|0|0|0|0|0|0|0|0|0|0|0|0|0|0|0|0|0|0|0|0	{青虹腰带・靴子2件|151:0:1}ぐ{属性激活→|250:0:1}{属性效果已生效|70:0:1}
178	2	莫邪腰带・靴子	莫邪腰带|莫邪靴子	0|0|0|0|0|0|0|0|0|0|0|0|0|0|0|0|0|0|0|0|0|0|0|0|0|0|0|0|0|0|0|0|0|0|0|0|0|0|0|0	0|0|0|0|0|0|0|0|0|0|0|0|0|0|0|0|0|0|0|0|0|0|0|0|0|0|0|0|0|0|0|0|0|0|0|0|0|0|0|0	300|300|30|30|0|0|0|0|0|0|0|0|0|0|30|30|0|0|0|0|0|0|0|0|0|0|0|0|0|0|0|0|0|0|0|0|0|0|0|0	{莫邪腰带・靴子2件|151:0:1}ぐ{属性激活→|250:0:1}{属性效果已生效|70:0:1}
179	2	龙渊腰带・靴子	龙渊腰带|龙渊靴子	0|0|0|0|0|0|0|0|0|0|0|0|0|0|0|0|0|0|0|0|0|0|0|0|0|0|0|0|0|0|0|0|0|0|0|0|0|0|0|0	0|0|0|0|0|0|0|0|0|0|0|0|0|0|0|0|0|0|0|0|0|0|0|0|0|0|0|0|0|0|0|0|0|0|0|0|0|0|0|0	350|350|35|35|0|0|0|0|0|0|0|0|0|0|35|35|0|0|0|0|0|0|0|0|0|0|0|0|0|0|0|0|0|0|0|0|0|0|0|0	{龙渊腰带・靴子2件|151:0:1}ぐ{属性激活→|250:0:1}{属性效果已生效|70:0:1}
180	2	龙焰腰带・靴子	龙焰腰带|龙焰靴子	0|0|0|0|0|0|0|0|0|0|0|0|0|0|0|0|0|0|0|0|0|0|0|0|0|0|0|0|0|0|0|0|0|0|0|0|0|0|0|0	0|0|0|0|0|0|0|0|0|0|0|0|0|0|0|0|0|0|0|0|0|0|0|0|0|0|0|0|0|0|0|0|0|0|0|0|0|0|0|0	400|400|40|40|0|0|0|0|0|0|0|0|0|0|40|40|0|0|0|0|0|0|0|0|0|0|0|0|0|0|0|0|0|0|0|0|0|0|0|0	{龙焰腰带・靴子2件|151:0:1}ぐ{属性激活→|250:0:1}{属性效果已生效|70:0:1}
181	2	干将腰带・靴子	干将腰带|干将靴子	0|0|0|0|0|0|0|0|0|0|0|0|0|0|0|0|0|0|0|0|0|0|0|0|0|0|0|0|0|0|0|0|0|0|0|0|0|0|0|0	0|0|0|0|0|0|0|0|0|0|0|0|0|0|0|0|0|0|0|0|0|0|0|0|0|0|0|0|0|0|0|0|0|0|0|0|0|0|0|0	450|450|45|45|0|0|0|0|0|0|0|0|0|0|45|45|0|0|0|0|0|0|0|0|0|0|0|0|0|0|0|0|0|0|0|0|0|0|0|0	{干将腰带・靴子2件|151:0:1}ぐ{属性激活→|250:0:1}{属性效果已生效|70:0:1}
182	2	巨阕腰带・靴子	巨阕腰带|巨阕靴子	0|0|0|0|0|0|0|0|0|0|0|0|0|0|0|0|0|0|0|0|0|0|0|0|0|0|0|0|0|0|0|0|0|0|0|0|0|0|0|0	0|0|0|0|0|0|0|0|0|0|0|0|0|0|0|0|0|0|0|0|0|0|0|0|0|0|0|0|0|0|0|0|0|0|0|0|0|0|0|0	500|500|50|50|0|0|0|0|0|0|0|0|0|0|50|50|0|0|0|0|0|0|0|0|0|0|0|0|0|0|0|0|0|0|0|0|0|0|0|0	{巨阕腰带・靴子2件|151:0:1}ぐ{属性激活→|250:0:1}{属性效果已生效|70:0:1}
183	2	湛卢腰带・靴子	湛卢腰带|湛卢靴子	0|0|0|0|0|0|0|0|0|0|0|0|0|0|0|0|0|0|0|0|0|0|0|0|0|0|0|0|0|0|0|0|0|0|0|0|0|0|0|0	0|0|0|0|0|0|0|0|0|0|0|0|0|0|0|0|0|0|0|0|0|0|0|0|0|0|0|0|0|0|0|0|0|0|0|0|0|0|0|0	550|550|55|55|0|0|0|0|0|0|0|0|0|0|55|55|0|0|0|0|0|0|0|0|0|0|0|0|0|0|0|0|0|0|0|0|0|0|0|0	{湛卢腰带・靴子2件|151:0:1}ぐ{属性激活→|250:0:1}{属性效果已生效|70:0:1}
184	2	天煞腰带・靴子	天煞腰带|天煞靴子	0|0|0|0|0|0|0|0|0|0|0|0|0|0|0|0|0|0|0|0|0|0|0|0|0|0|0|0|0|0|0|0|0|0|0|0|0|0|0|0	0|0|0|0|0|0|0|0|0|0|0|0|0|0|0|0|0|0|0|0|0|0|0|0|0|0|0|0|0|0|0|0|0|0|0|0|0|0|0|0	600|600|60|60|0|0|0|0|0|0|0|0|0|0|60|60|0|0|0|0|0|0|0|0|0|0|0|0|0|0|0|0|0|0|0|0|0|0|0|0	{天煞腰带・靴子2件|151:0:1}ぐ{属性激活→|250:0:1}{属性效果已生效|70:0:1}
185	2	英雄腰带・靴子	英雄腰带|英雄靴子	0|0|0|0|0|0|0|0|0|0|0|0|0|0|0|0|0|0|0|0|0|0|0|0|0|0|0|0|0|0|0|0|0|0|0|0|0|0|0|0	0|0|0|0|0|0|0|0|0|0|0|0|0|0|0|0|0|0|0|0|0|0|0|0|0|0|0|0|0|0|0|0|0|0|0|0|0|0|0|0	650|650|65|65|0|0|0|0|0|0|0|0|0|0|65|65|0|0|0|0|0|0|0|0|0|0|0|0|0|0|0|0|0|0|0|0|0|0|0|0	{英雄腰带・靴子2件|151:0:1}ぐ{属性激活→|250:0:1}{属性效果已生效|70:0:1}
186	2	惊云腰带・靴子	惊云腰带|惊云靴子	0|0|0|0|0|0|0|0|0|0|0|0|0|0|0|0|0|0|0|0|0|0|0|0|0|0|0|0|0|0|0|0|0|0|0|0|0|0|0|0	0|0|0|0|0|0|0|0|0|0|0|0|0|0|0|0|0|0|0|0|0|0|0|0|0|0|0|0|0|0|0|0|0|0|0|0|0|0|0|0	700|700|70|70|0|0|0|0|0|0|0|0|0|0|70|70|0|0|0|0|0|0|0|0|0|0|0|0|0|0|0|0|0|0|0|0|0|0|0|0	{惊云腰带・靴子2件|151:0:1}ぐ{属性激活→|250:0:1}{属性效果已生效|70:0:1}
187	2	霸业腰带・靴子	霸业腰带|霸业靴子	0|0|0|0|0|0|0|0|0|0|0|0|0|0|0|0|0|0|0|0|0|0|0|0|0|0|0|0|0|0|0|0|0|0|0|0|0|0|0|0	0|0|0|0|0|0|0|0|0|0|0|0|0|0|0|0|0|0|0|0|0|0|0|0|0|0|0|0|0|0|0|0|0|0|0|0|0|0|0|0	800|800|80|80|0|0|0|0|0|0|0|0|0|0|80|80|0|0|0|0|0|0|0|0|0|0|0|0|0|0|0|0|0|0|0|0|0|0|0|0	{霸业腰带・靴子2件|151:0:1}ぐ{属性激活→|250:0:1}{属性效果已生效|70:0:1}
188	2	雷霆・武器衣服	雷霆战甲|雷霆战衣|雷霆之刃	0|0|0|0|0|0|0|0|0|0|0|0|0|0|0|0|0|0|0|0|0|0|0|0|0|0|0|0|0|0|0|0|0|0|0|0|0|0|0|0	0|0|0|0|0|0|0|1|1|0|0|0|0|0|0|0|0|0|0|0|0|0|0|0|0|0|0|0|0|0|0|0|0|0|0|0|0|0|0|0	100|100|0|0|0|0|0|0|0|0|0|0|0|0|0|0|0|0|0|0|0|0|0|0|0|0|0|0|0|0|0|0|0|0|0|0|0|0|0|0	{雷霆・武器衣服2件|151:0:1}ぐ{属性激活→|250:0:1}{属性效果已生效|70:0:1}
189	2	战神・武器衣服	战神战甲|战神战衣|战神之刃	0|0|0|0|0|0|0|0|0|0|0|0|0|0|0|0|0|0|0|0|0|0|0|0|0|0|0|0|0|0|0|0|0|0|0|0|0|0|0|0	0|0|0|0|0|0|0|2|2|0|0|0|0|0|0|0|0|0|0|0|0|0|0|0|0|0|0|0|0|0|0|0|0|0|0|0|0|0|0|0	200|200|0|0|0|0|0|0|0|0|0|0|0|0|0|0|0|0|0|0|0|0|0|0|0|0|0|0|0|0|0|0|0|0|0|0|0|0|0|0	{战神・武器衣服2件|151:0:1}ぐ{属性激活→|250:0:1}{属性效果已生效|70:0:1}
190	2	狂雷・武器衣服	狂雷战甲|狂雷战衣|狂雷之刃	0|0|0|0|0|0|0|0|0|0|0|0|0|0|0|0|0|0|0|0|0|0|0|0|0|0|0|0|0|0|0|0|0|0|0|0|0|0|0|0	0|0|0|0|0|0|0|3|3|0|0|0|0|0|0|0|0|0|0|0|0|0|0|0|0|0|0|0|0|0|0|0|0|0|0|0|0|0|0|0	300|300|0|0|0|0|0|0|0|0|0|0|0|0|0|0|0|0|0|0|0|0|0|0|0|0|0|0|0|0|0|0|0|0|0|0|0|0|0|0	{狂雷・武器衣服2件|151:0:1}ぐ{属性激活→|250:0:1}{属性效果已生效|70:0:1}
191	2	火龙・武器衣服	火龙战甲|火龙战衣|火龙之刃	0|0|0|0|0|0|0|0|0|0|0|0|0|0|0|0|0|0|0|0|0|0|0|0|0|0|0|0|0|0|0|0|0|0|0|0|0|0|0|0	0|0|0|0|0|0|0|4|4|0|0|0|0|0|0|0|0|0|0|0|0|0|0|0|0|0|0|0|0|0|0|0|0|0|0|0|0|0|0|0	400|400|0|0|0|0|0|0|0|0|0|0|0|0|0|0|0|0|0|0|0|0|0|0|0|0|0|0|0|0|0|0|0|0|0|0|0|0|0|0	{火龙・武器衣服2件|151:0:1}ぐ{属性激活→|250:0:1}{属性效果已生效|70:0:1}
192	2	青虹・武器衣服	青虹战甲|青虹战衣|青虹之刃	0|0|0|0|0|0|0|0|0|0|0|0|0|0|0|0|0|0|0|0|0|0|0|0|0|0|0|0|0|0|0|0|0|0|0|0|0|0|0|0	0|0|0|0|0|0|0|5|5|0|0|0|0|0|0|0|0|0|0|0|0|0|0|0|0|0|0|0|0|0|0|0|0|0|0|0|0|0|0|0	500|500|0|0|0|0|0|0|0|0|0|0|0|0|0|0|0|0|0|0|0|0|0|0|0|0|0|0|0|0|0|0|0|0|0|0|0|0|0|0	{青虹・武器衣服2件|151:0:1}ぐ{属性激活→|250:0:1}{属性效果已生效|70:0:1}
193	2	莫邪・武器衣服	莫邪战甲|莫邪战衣|莫邪之刃	0|0|0|0|0|0|0|0|0|0|0|0|0|0|0|0|0|0|0|0|0|0|0|0|0|0|0|0|0|0|0|0|0|0|0|0|0|0|0|0	0|0|0|0|0|0|0|6|6|0|0|0|0|0|0|0|0|0|0|0|0|0|0|0|0|0|0|0|0|0|0|0|0|0|0|0|0|0|0|0	600|600|0|0|0|0|0|0|0|0|0|0|0|0|0|0|0|0|0|0|0|0|0|0|0|0|0|0|0|0|0|0|0|0|0|0|0|0|0|0	{莫邪・武器衣服2件|151:0:1}ぐ{属性激活→|250:0:1}{属性效果已生效|70:0:1}
194	2	龙渊・武器衣服	龙渊战甲|龙渊战衣|龙渊之刃	0|0|0|0|0|0|0|0|0|0|0|0|0|0|0|0|0|0|0|0|0|0|0|0|0|0|0|0|0|0|0|0|0|0|0|0|0|0|0|0	0|0|0|0|0|0|0|7|7|0|0|0|0|0|0|0|0|0|0|0|0|0|0|0|0|0|0|0|0|0|0|0|0|0|0|0|0|0|0|0	700|700|0|0|0|0|0|0|0|0|0|0|0|0|0|0|0|0|0|0|0|0|0|0|0|0|0|0|0|0|0|0|0|0|0|0|0|0|0|0	{龙渊・武器衣服2件|151:0:1}ぐ{属性激活→|250:0:1}{属性效果已生效|70:0:1}
195	2	龙焰・武器衣服	龙焰战甲|龙焰战衣|龙焰之刃	0|0|0|0|0|0|0|0|0|0|0|0|0|0|0|0|0|0|0|0|0|0|0|0|0|0|0|0|0|0|0|0|0|0|0|0|0|0|0|0	0|0|0|0|0|0|0|8|8|0|0|0|0|0|0|0|0|0|0|0|0|0|0|0|0|0|0|0|0|0|0|0|0|0|0|0|0|0|0|0	800|800|0|0|0|0|0|0|0|0|0|0|0|0|0|0|0|0|0|0|0|0|0|0|0|0|0|0|0|0|0|0|0|0|0|0|0|0|0|0	{龙焰・武器衣服2件|151:0:1}ぐ{属性激活→|250:0:1}{属性效果已生效|70:0:1}
196	2	干将・武器衣服	干将战甲|干将战衣|干将之刃	0|0|0|0|0|0|0|0|0|0|0|0|0|0|0|0|0|0|0|0|0|0|0|0|0|0|0|0|0|0|0|0|0|0|0|0|0|0|0|0	0|0|0|0|0|0|0|9|9|0|0|0|0|0|0|0|0|0|0|0|0|0|0|0|0|0|0|0|0|0|0|0|0|0|0|0|0|0|0|0	900|900|0|0|0|0|0|0|0|0|0|0|0|0|0|0|0|0|0|0|0|0|0|0|0|0|0|0|0|0|0|0|0|0|0|0|0|0|0|0	{干将・武器衣服2件|151:0:1}ぐ{属性激活→|250:0:1}{属性效果已生效|70:0:1}
197	2	巨阕・武器衣服	巨阕战甲|巨阕战衣|巨阕之刃	0|0|0|0|0|0|0|0|0|0|0|0|0|0|0|0|0|0|0|0|0|0|0|0|0|0|0|0|0|0|0|0|0|0|0|0|0|0|0|0	0|0|0|0|0|0|0|10|10|0|0|0|0|0|0|0|0|0|0|0|0|0|0|0|0|0|0|0|0|0|0|0|0|0|0|0|0|0|0|0	1000|1000|0|0|0|0|0|0|0|0|0|0|0|0|0|0|0|0|0|0|0|0|0|0|0|0|0|0|0|0|0|0|0|0|0|0|0|0|0|0	{巨阕・武器衣服2件|151:0:1}ぐ{属性激活→|250:0:1}{属性效果已生效|70:0:1}
198	2	湛卢・武器衣服	湛卢战甲|湛卢战衣|湛卢之刃	0|0|0|0|0|0|0|0|0|0|0|0|0|0|0|0|0|0|0|0|0|0|0|0|0|0|0|0|0|0|0|0|0|0|0|0|0|0|0|0	0|0|0|0|0|0|0|11|11|0|0|0|0|0|0|0|0|0|0|0|0|0|0|0|0|0|0|0|0|0|0|0|0|0|0|0|0|0|0|0	1100|1100|0|0|0|0|0|0|0|0|0|0|0|0|0|0|0|0|0|0|0|0|0|0|0|0|0|0|0|0|0|0|0|0|0|0|0|0|0|0	{湛卢・武器衣服2件|151:0:1}ぐ{属性激活→|250:0:1}{属性效果已生效|70:0:1}
199	2	天煞・武器衣服	天煞战甲|天煞战衣|天煞之刃	0|0|0|0|0|0|0|0|0|0|0|0|0|0|0|0|0|0|0|0|0|0|0|0|0|0|0|0|0|0|0|0|0|0|0|0|0|0|0|0	0|0|0|0|0|0|0|12|12|0|0|0|0|0|0|0|0|0|0|0|0|0|0|0|0|0|0|0|0|0|0|0|0|0|0|0|0|0|0|0	1200|1200|0|0|0|0|0|0|0|0|0|0|0|0|0|0|0|0|0|0|0|0|0|0|0|0|0|0|0|0|0|0|0|0|0|0|0|0|0|0	{天煞・武器衣服2件|151:0:1}ぐ{属性激活→|250:0:1}{属性效果已生效|70:0:1}
200	2	英雄・武器衣服	英雄战甲|英雄战衣|英雄之刃	0|0|0|0|0|0|0|0|0|0|0|0|0|0|0|0|0|0|0|0|0|0|0|0|0|0|0|0|0|0|0|0|0|0|0|0|0|0|0|0	0|0|0|0|0|0|0|13|13|0|0|0|0|0|0|0|0|0|0|0|0|0|0|0|0|0|0|0|0|0|0|0|0|0|0|0|0|0|0|0	1300|1300|0|0|0|0|0|0|0|0|0|0|0|0|0|0|0|0|0|0|0|0|0|0|0|0|0|0|0|0|0|0|0|0|0|0|0|0|0|0	{英雄・武器衣服2件|151:0:1}ぐ{属性激活→|250:0:1}{属性效果已生效|70:0:1}
201	2	惊云・武器衣服	惊云战甲|惊云战衣|惊云之刃	0|0|0|0|0|0|0|0|0|0|0|0|0|0|0|0|0|0|0|0|0|0|0|0|0|0|0|0|0|0|0|0|0|0|0|0|0|0|0|0	0|0|0|0|0|0|0|14|14|0|0|0|0|0|0|0|0|0|0|0|0|0|0|0|0|0|0|0|0|0|0|0|0|0|0|0|0|0|0|0	1400|1400|0|0|0|0|0|0|0|0|0|0|0|0|0|0|0|0|0|0|0|0|0|0|0|0|0|0|0|0|0|0|0|0|0|0|0|0|0|0	{惊云・武器衣服2件|151:0:1}ぐ{属性激活→|250:0:1}{属性效果已生效|70:0:1}
202	2	霸业・武器衣服	霸业战甲|霸业战衣|霸业之刃	0|0|0|0|0|0|0|0|0|0|0|0|0|0|0|0|0|0|0|0|0|0|0|0|0|0|0|0|0|0|0|0|0|0|0|0|0|0|0|0	0|0|0|0|0|0|0|16|16|0|0|0|0|0|0|0|0|0|0|0|0|0|0|0|0|0|0|0|0|0|0|0|0|0|0|0|0|0|0|0	1500|1500|0|0|0|0|0|0|0|0|0|0|0|0|0|0|0|0|0|0|0|0|0|0|0|0|0|0|0|0|0|0|0|0|0|0|0|0|0|0	{霸业・武器衣服2件|151:0:1}ぐ{属性激活→|250:0:1}{属性效果已生效|70:0:1}
203	4	雷霆手镯・戒指	雷霆手镯|雷霆戒指|雷霆手镯|雷霆戒指	0|0|0|0|0|0|0|0|0|0|0|0|0|0|0|0|0|0|0|0|0|0|0|0|0|0|0|0|0|0|0|0|0|0|0|0|0|0|0|0	0|0|0|0|0|0|0|0|0|0|0|0|0|0|0|0|0|0|0|0|0|0|0|0|0|0|0|0|0|0|0|0|0|0|0|0|0|0|0|0	100|100|0|0|10|10|10|0|0|0|0|0|0|0|0|0|10|10|10|0|0|0|0|0|0|0|0|0|0|0|0|0|0|0|0|0|0|0|0|0	{雷霆手镯・戒指4件|151:0:1}ぐ{属性激活→|250:0:1}{属性效果已生效|70:0:1}
204	4	战神手镯・戒指	战神手镯|战神戒指|战神手镯|战神戒指	0|0|0|0|0|0|0|0|0|0|0|0|0|0|0|0|0|0|0|0|0|0|0|0|0|0|0|0|0|0|0|0|0|0|0|0|0|0|0|0	0|0|0|0|0|0|0|0|0|0|0|0|0|0|0|0|0|0|0|0|0|0|0|0|0|0|0|0|0|0|0|0|0|0|0|0|0|0|0|0	200|200|0|0|20|20|20|0|0|0|0|0|0|0|0|0|20|20|20|0|0|0|0|0|0|0|0|0|0|0|0|0|0|0|0|0|0|0|0|0	{战神手镯・戒指4件|151:0:1}ぐ{属性激活→|250:0:1}{属性效果已生效|70:0:1}
205	4	狂雷手镯・戒指	狂雷手镯|狂雷戒指|狂雷手镯|狂雷戒指	0|0|0|0|0|0|0|0|0|0|0|0|0|0|0|0|0|0|0|0|0|0|0|0|0|0|0|0|0|0|0|0|0|0|0|0|0|0|0|0	0|0|0|0|0|0|0|0|0|0|0|0|0|0|0|0|0|0|0|0|0|0|0|0|0|0|0|0|0|0|0|0|0|0|0|0|0|0|0|0	300|600|0|0|30|30|30|0|0|0|0|0|0|0|0|0|30|30|30|0|0|0|0|0|0|0|0|0|0|0|0|0|0|0|0|0|0|0|0|0	{狂雷手镯・戒指4件|151:0:1}ぐ{属性激活→|250:0:1}{属性效果已生效|70:0:1}
206	4	火龙手镯・戒指	火龙手镯|火龙戒指|火龙手镯|火龙戒指	0|0|0|0|0|0|0|0|0|0|0|0|0|0|0|0|0|0|0|0|0|0|0|0|0|0|0|0|0|0|0|0|0|0|0|0|0|0|0|0	0|0|0|0|0|0|0|0|0|0|0|0|0|0|0|0|0|0|0|0|0|0|0|0|0|0|0|0|0|0|0|0|0|0|0|0|0|0|0|0	400|400|0|0|40|40|40|0|0|0|0|0|0|0|0|0|40|40|40|0|0|0|0|0|0|0|0|0|0|0|0|0|0|0|0|0|0|0|0|0	{火龙手镯・戒指4件|151:0:1}ぐ{属性激活→|250:0:1}{属性效果已生效|70:0:1}
207	4	青虹手镯・戒指	青虹手镯|青虹戒指|青虹手镯|青虹戒指	0|0|0|0|0|0|0|0|0|0|0|0|0|0|0|0|0|0|0|0|0|0|0|0|0|0|0|0|0|0|0|0|0|0|0|0|0|0|0|0	0|0|0|0|0|0|0|0|0|0|0|0|0|0|0|0|0|0|0|0|0|0|0|0|0|0|0|0|0|0|0|0|0|0|0|0|0|0|0|0	500|500|0|0|50|50|50|0|0|0|0|0|0|0|0|0|50|50|50|0|0|0|0|0|0|0|0|0|0|0|0|0|0|0|0|0|0|0|0|0	{青虹手镯・戒指4件|151:0:1}ぐ{属性激活→|250:0:1}{属性效果已生效|70:0:1}
208	4	莫邪手镯・戒指	莫邪手镯|莫邪戒指|莫邪手镯|莫邪戒指	0|0|0|0|0|0|0|0|0|0|0|0|0|0|0|0|0|0|0|0|0|0|0|0|0|0|0|0|0|0|0|0|0|0|0|0|0|0|0|0	0|0|0|0|0|0|0|0|0|0|0|0|0|0|0|0|0|0|0|0|0|0|0|0|0|0|0|0|0|0|0|0|0|0|0|0|0|0|0|0	600|600|0|0|60|60|60|0|0|0|0|0|0|0|0|0|60|60|60|0|0|0|0|0|0|0|0|0|0|0|0|0|0|0|0|0|0|0|0|0	{莫邪手镯・戒指4件|151:0:1}ぐ{属性激活→|250:0:1}{属性效果已生效|70:0:1}
209	4	龙渊手镯・戒指	龙渊手镯|龙渊戒指|龙渊手镯|龙渊戒指	0|0|0|0|0|0|0|0|0|0|0|0|0|0|0|0|0|0|0|0|0|0|0|0|0|0|0|0|0|0|0|0|0|0|0|0|0|0|0|0	0|0|0|0|0|0|0|0|0|0|0|0|0|0|0|0|0|0|0|0|0|0|0|0|0|0|0|0|0|0|0|0|0|0|0|0|0|0|0|0	700|700|0|0|70|70|70|0|0|0|0|0|0|0|0|0|70|70|70|0|0|0|0|0|0|0|0|0|0|0|0|0|0|0|0|0|0|0|0|0	{龙渊手镯・戒指4件|151:0:1}ぐ{属性激活→|250:0:1}{属性效果已生效|70:0:1}
210	4	龙焰手镯・戒指	龙焰手镯|龙焰戒指|龙焰手镯|龙焰戒指	0|0|0|0|0|0|0|0|0|0|0|0|0|0|0|0|0|0|0|0|0|0|0|0|0|0|0|0|0|0|0|0|0|0|0|0|0|0|0|0	0|0|0|0|0|0|0|0|0|0|0|0|0|0|0|0|0|0|0|0|0|0|0|0|0|0|0|0|0|0|0|0|0|0|0|0|0|0|0|0	800|800|0|0|80|80|80|0|0|0|0|0|0|0|0|0|80|80|80|0|0|0|0|0|0|0|0|0|0|0|0|0|0|0|0|0|0|0|0|0	{龙焰手镯・戒指4件|151:0:1}ぐ{属性激活→|250:0:1}{属性效果已生效|70:0:1}
211	4	干将手镯・戒指	干将手镯|干将戒指|干将手镯|干将戒指	0|0|0|0|0|0|0|0|0|0|0|0|0|0|0|0|0|0|0|0|0|0|0|0|0|0|0|0|0|0|0|0|0|0|0|0|0|0|0|0	0|0|0|0|0|0|0|0|0|0|0|0|0|0|0|0|0|0|0|0|0|0|0|0|0|0|0|0|0|0|0|0|0|0|0|0|0|0|0|0	900|900|0|0|90|90|90|0|0|0|0|0|0|0|0|0|90|90|90|0|0|0|0|0|0|0|0|0|0|0|0|0|0|0|0|0|0|0|0|0	{干将手镯・戒指4件|151:0:1}ぐ{属性激活→|250:0:1}{属性效果已生效|70:0:1}
212	4	巨阕手镯・戒指	巨阕手镯|巨阕戒指|巨阕手镯|巨阕戒指	0|0|0|0|0|0|0|0|0|0|0|0|0|0|0|0|0|0|0|0|0|0|0|0|0|0|0|0|0|0|0|0|0|0|0|0|0|0|0|0	0|0|0|0|0|0|0|0|0|0|0|0|0|0|0|0|0|0|0|0|0|0|0|0|0|0|0|0|0|0|0|0|0|0|0|0|0|0|0|0	1000|1000|0|0|100|100|100|0|0|0|0|0|0|0|0|0|100|100|100|0|0|0|0|0|0|0|0|0|0|0|0|0|0|0|0|0|0|0|0|0	{巨阕手镯・戒指4件|151:0:1}ぐ{属性激活→|250:0:1}{属性效果已生效|70:0:1}
213	4	湛卢手镯・戒指	湛卢手镯|湛卢戒指|湛卢手镯|湛卢戒指	0|0|0|0|0|0|0|0|0|0|0|0|0|0|0|0|0|0|0|0|0|0|0|0|0|0|0|0|0|0|0|0|0|0|0|0|0|0|0|0	0|0|0|0|0|0|0|0|0|0|0|0|0|0|0|0|0|0|0|0|0|0|0|0|0|0|0|0|0|0|0|0|0|0|0|0|0|0|0|0	1100|1100|0|0|110|110|110|0|0|0|0|0|0|0|0|0|110|110|110|0|0|0|0|0|0|0|0|0|0|0|0|0|0|0|0|0|0|0|0|0	{湛卢手镯・戒指4件|151:0:1}ぐ{属性激活→|250:0:1}{属性效果已生效|70:0:1}
214	4	天煞手镯・戒指	天煞手镯|天煞戒指|天煞手镯|天煞戒指	0|0|0|0|0|0|0|0|0|0|0|0|0|0|0|0|0|0|0|0|0|0|0|0|0|0|0|0|0|0|0|0|0|0|0|0|0|0|0|0	0|0|0|0|0|0|0|0|0|0|0|0|0|0|0|0|0|0|0|0|0|0|0|0|0|0|0|0|0|0|0|0|0|0|0|0|0|0|0|0	1200|1200|0|0|120|120|120|0|0|0|0|0|0|0|0|0|120|120|120|0|0|0|0|0|0|0|0|0|0|0|0|0|0|0|0|0|0|0|0|0	{天煞手镯・戒指4件|151:0:1}ぐ{属性激活→|250:0:1}{属性效果已生效|70:0:1}
215	4	英雄手镯・戒指	英雄手镯|英雄戒指|英雄手镯|英雄戒指	0|0|0|0|0|0|0|0|0|0|0|0|0|0|0|0|0|0|0|0|0|0|0|0|0|0|0|0|0|0|0|0|0|0|0|0|0|0|0|0	0|0|0|0|0|0|0|0|0|0|0|0|0|0|0|0|0|0|0|0|0|0|0|0|0|0|0|0|0|0|0|0|0|0|0|0|0|0|0|0	1300|1300|0|0|130|130|130|0|0|0|0|0|0|0|0|0|130|130|130|0|0|0|0|0|0|0|0|0|0|0|0|0|0|0|0|0|0|0|0|0	{英雄手镯・戒指4件|151:0:1}ぐ{属性激活→|250:0:1}{属性效果已生效|70:0:1}
216	4	惊云手镯・戒指	惊云手镯|惊云戒指|惊云手镯|惊云戒指	0|0|0|0|0|0|0|0|0|0|0|0|0|0|0|0|0|0|0|0|0|0|0|0|0|0|0|0|0|0|0|0|0|0|0|0|0|0|0|0	0|0|0|0|0|0|0|0|0|0|0|0|0|0|0|0|0|0|0|0|0|0|0|0|0|0|0|0|0|0|0|0|0|0|0|0|0|0|0|0	1400|1400|0|0|140|140|140|0|0|0|0|0|0|0|0|0|140|140|140|0|0|0|0|0|0|0|0|0|0|0|0|0|0|0|0|0|0|0|0|0	{惊云手镯・戒指4件|151:0:1}ぐ{属性激活→|250:0:1}{属性效果已生效|70:0:1}
217	4	霸业手镯・戒指	霸业手镯|霸业戒指|霸业手镯|霸业戒指	0|0|0|0|0|0|0|0|0|0|0|0|0|0|0|0|0|0|0|0|0|0|0|0|0|0|0|0|0|0|0|0|0|0|0|0|0|0|0|0	0|0|0|0|0|0|0|0|0|0|0|0|0|0|0|0|0|0|0|0|0|0|0|0|0|0|0|0|0|0|0|0|0|0|0|0|0|0|0|0	1500|1500|0|0|160|160|160|0|0|0|0|0|0|0|0|0|160|160|160|0|0|0|0|0|0|0|0|0|0|0|0|0|0|0|0|0|0|0|0|0	{霸业手镯・戒指4件|151:0:1}ぐ{属性激活→|250:0:1}{属性效果已生效|70:0:1}
218	1	雷霆头盔	雷霆头盔	0|0|0|0|0|0|0|0|0|0|0|0|0|0|0|0|0|0|0|0|0|0|0|0|0|0|0|0|0|0|0|0|0|0|0|0|0|0|0|0	0|0|0|0|0|0|0|0|0|0|0|0|0|0|0|0|0|0|0|0|0|0|0|0|0|0|0|0|0|0|0|0|0|0|0|0|0|0|0|0	10|10|0|0|1|1|1|0|0|0|0|0|0|0|0|0|1|1|1|0|0|0|0|0|0|0|0|0|0|0|0|0|0|0|0|0|0|0|0|0	{雷霆单件|151:0:1}ぐ{属性激活→|250:0:1}{属性效果已生效|70:0:1}
219	1	战神头盔	战神头盔	0|0|0|0|0|0|0|0|0|0|0|0|0|0|0|0|0|0|0|0|0|0|0|0|0|0|0|0|0|0|0|0|0|0|0|0|0|0|0|0	0|0|0|0|0|0|0|0|0|0|0|0|0|0|0|0|0|0|0|0|0|0|0|0|0|0|0|0|0|0|0|0|0|0|0|0|0|0|0|0	20|20|0|0|2|2|2|0|0|0|0|0|0|0|0|0|2|2|2|0|0|0|0|0|0|0|0|0|0|0|0|0|0|0|0|0|0|0|0|0	{战神单件|151:0:1}ぐ{属性激活→|250:0:1}{属性效果已生效|70:0:1}
220	1	狂雷头盔	狂雷头盔	0|0|0|0|0|0|0|0|0|0|0|0|0|0|0|0|0|0|0|0|0|0|0|0|0|0|0|0|0|0|0|0|0|0|0|0|0|0|0|0	0|0|0|0|0|0|0|0|0|0|0|0|0|0|0|0|0|0|0|0|0|0|0|0|0|0|0|0|0|0|0|0|0|0|0|0|0|0|0|0	30|30|0|0|3|3|3|0|0|0|0|0|0|0|0|0|3|3|3|0|0|0|0|0|0|0|0|0|0|0|0|0|0|0|0|0|0|0|0|0	{狂雷单件|151:0:1}ぐ{属性激活→|250:0:1}{属性效果已生效|70:0:1}
221	1	火龙头盔	火龙头盔	0|0|0|0|0|0|0|0|0|0|0|0|0|0|0|0|0|0|0|0|0|0|0|0|0|0|0|0|0|0|0|0|0|0|0|0|0|0|0|0	0|0|0|0|0|0|0|0|0|0|0|0|0|0|0|0|0|0|0|0|0|0|0|0|0|0|0|0|0|0|0|0|0|0|0|0|0|0|0|0	40|40|0|0|4|4|4|0|0|0|0|0|0|0|0|0|4|4|4|0|0|0|0|0|0|0|0|0|0|0|0|0|0|0|0|0|0|0|0|0	{火龙单件|151:0:1}ぐ{属性激活→|250:0:1}{属性效果已生效|70:0:1}
222	1	青虹头盔	青虹头盔	0|0|0|0|0|0|0|0|0|0|0|0|0|0|0|0|0|0|0|0|0|0|0|0|0|0|0|0|0|0|0|0|0|0|0|0|0|0|0|0	0|0|0|0|0|0|0|0|0|0|0|0|0|0|0|0|0|0|0|0|0|0|0|0|0|0|0|0|0|0|0|0|0|0|0|0|0|0|0|0	50|50|0|0|5|5|5|0|0|0|0|0|0|0|0|0|5|5|5|0|0|0|0|0|0|0|0|0|0|0|0|0|0|0|0|0|0|0|0|0	{青虹单件|151:0:1}ぐ{属性激活→|250:0:1}{属性效果已生效|70:0:1}
223	1	莫邪头盔	莫邪头盔	0|0|0|0|0|0|0|0|0|0|0|0|0|0|0|0|0|0|0|0|0|0|0|0|0|0|0|0|0|0|0|0|0|0|0|0|0|0|0|0	0|0|0|0|0|0|0|0|0|0|0|0|0|0|0|0|0|0|0|0|0|0|0|0|0|0|0|0|0|0|0|0|0|0|0|0|0|0|0|0	60|60|0|0|6|6|6|0|0|0|0|0|0|0|0|0|6|6|6|0|0|0|0|0|0|0|0|0|0|0|0|0|0|0|0|0|0|0|0|0	{莫邪单件|151:0:1}ぐ{属性激活→|250:0:1}{属性效果已生效|70:0:1}
224	1	龙渊头盔	龙渊头盔	0|0|0|0|0|0|0|0|0|0|0|0|0|0|0|0|0|0|0|0|0|0|0|0|0|0|0|0|0|0|0|0|0|0|0|0|0|0|0|0	0|0|0|0|0|0|0|0|0|0|0|0|0|0|0|0|0|0|0|0|0|0|0|0|0|0|0|0|0|0|0|0|0|0|0|0|0|0|0|0	70|70|0|0|7|7|7|0|0|0|0|0|0|0|0|0|7|7|7|0|0|0|0|0|0|0|0|0|0|0|0|0|0|0|0|0|0|0|0|0	{龙渊单件|151:0:1}ぐ{属性激活→|250:0:1}{属性效果已生效|70:0:1}
225	1	龙焰头盔	龙焰头盔	0|0|0|0|0|0|0|0|0|0|0|0|0|0|0|0|0|0|0|0|0|0|0|0|0|0|0|0|0|0|0|0|0|0|0|0|0|0|0|0	0|0|0|0|0|0|0|0|0|0|0|0|0|0|0|0|0|0|0|0|0|0|0|0|0|0|0|0|0|0|0|0|0|0|0|0|0|0|0|0	80|80|0|0|8|8|8|0|0|0|0|0|0|0|0|0|8|8|8|0|0|0|0|0|0|0|0|0|0|0|0|0|0|0|0|0|0|0|0|0	{龙焰单件|151:0:1}ぐ{属性激活→|250:0:1}{属性效果已生效|70:0:1}
226	1	干将头盔	干将头盔	0|0|0|0|0|0|0|0|0|0|0|0|0|0|0|0|0|0|0|0|0|0|0|0|0|0|0|0|0|0|0|0|0|0|0|0|0|0|0|0	0|0|0|0|0|0|0|0|0|0|0|0|0|0|0|0|0|0|0|0|0|0|0|0|0|0|0|0|0|0|0|0|0|0|0|0|0|0|0|0	90|90|0|0|9|9|9|0|0|0|0|0|0|0|0|0|9|9|9|0|0|0|0|0|0|0|0|0|0|0|0|0|0|0|0|0|0|0|0|0	{干将单件|151:0:1}ぐ{属性激活→|250:0:1}{属性效果已生效|70:0:1}
227	1	巨阕头盔	巨阕头盔	0|0|0|0|0|0|0|0|0|0|0|0|0|0|0|0|0|0|0|0|0|0|0|0|0|0|0|0|0|0|0|0|0|0|0|0|0|0|0|0	0|0|0|0|0|0|0|0|0|0|0|0|0|0|0|0|0|0|0|0|0|0|0|0|0|0|0|0|0|0|0|0|0|0|0|0|0|0|0|0	100|100|0|0|10|10|10|0|0|0|0|0|0|0|0|0|10|10|10|0|0|0|0|0|0|0|0|0|0|0|0|0|0|0|0|0|0|0|0|0	{巨阕单件|151:0:1}ぐ{属性激活→|250:0:1}{属性效果已生效|70:0:1}
228	1	湛卢头盔	湛卢头盔	0|0|0|0|0|0|0|0|0|0|0|0|0|0|0|0|0|0|0|0|0|0|0|0|0|0|0|0|0|0|0|0|0|0|0|0|0|0|0|0	0|0|0|0|0|0|0|0|0|0|0|0|0|0|0|0|0|0|0|0|0|0|0|0|0|0|0|0|0|0|0|0|0|0|0|0|0|0|0|0	120|120|0|0|11|11|11|0|0|0|0|0|0|0|0|0|11|11|11|0|0|0|0|0|0|0|0|0|0|0|0|0|0|0|0|0|0|0|0|0	{湛卢单件|151:0:1}ぐ{属性激活→|250:0:1}{属性效果已生效|70:0:1}
229	1	天煞头盔	天煞头盔	0|0|0|0|0|0|0|0|0|0|0|0|0|0|0|0|0|0|0|0|0|0|0|0|0|0|0|0|0|0|0|0|0|0|0|0|0|0|0|0	0|0|0|0|0|0|0|0|0|0|0|0|0|0|0|0|0|0|0|0|0|0|0|0|0|0|0|0|0|0|0|0|0|0|0|0|0|0|0|0	140|140|0|0|12|12|12|0|0|0|0|0|0|0|0|0|12|12|12|0|0|0|0|0|0|0|0|0|0|0|0|0|0|0|0|0|0|0|0|0	{天煞单件|151:0:1}ぐ{属性激活→|250:0:1}{属性效果已生效|70:0:1}
230	1	英雄头盔	英雄头盔	0|0|0|0|0|0|0|0|0|0|0|0|0|0|0|0|0|0|0|0|0|0|0|0|0|0|0|0|0|0|0|0|0|0|0|0|0|0|0|0	0|0|0|0|0|0|0|0|0|0|0|0|0|0|0|0|0|0|0|0|0|0|0|0|0|0|0|0|0|0|0|0|0|0|0|0|0|0|0|0	160|160|0|0|13|13|13|0|0|0|0|0|0|0|0|0|13|13|13|0|0|0|0|0|0|0|0|0|0|0|0|0|0|0|0|0|0|0|0|0	{英雄单件|151:0:1}ぐ{属性激活→|250:0:1}{属性效果已生效|70:0:1}
231	1	惊云头盔	惊云头盔	0|0|0|0|0|0|0|0|0|0|0|0|0|0|0|0|0|0|0|0|0|0|0|0|0|0|0|0|0|0|0|0|0|0|0|0|0|0|0|0	0|0|0|0|0|0|0|0|0|0|0|0|0|0|0|0|0|0|0|0|0|0|0|0|0|0|0|0|0|0|0|0|0|0|0|0|0|0|0|0	180|180|0|0|14|14|14|0|0|0|0|0|0|0|0|0|14|14|14|0|0|0|0|0|0|0|0|0|0|0|0|0|0|0|0|0|0|0|0|0	{惊云单件|151:0:1}ぐ{属性激活→|250:0:1}{属性效果已生效|70:0:1}
232	1	霸业头盔	霸业头盔	0|0|0|0|0|0|0|0|0|0|0|0|0|0|0|0|0|0|0|0|0|0|0|0|0|0|0|0|0|0|0|0|0|0|0|0|0|0|0|0	0|0|0|0|0|0|0|0|0|0|0|0|0|0|0|0|0|0|0|0|0|0|0|0|0|0|0|0|0|0|0|0|0|0|0|0|0|0|0|0	200|200|0|0|15|15|15|0|0|0|0|0|0|0|0|0|15|15|15|0|0|0|0|0|0|0|0|0|0|0|0|0|0|0|0|0|0|0|0|0	{霸业单件|151:0:1}ぐ{属性激活→|250:0:1}{属性效果已生效|70:0:1}
233	1	雷霆项链	雷霆项链	0|0|0|0|0|0|0|0|0|0|0|0|0|0|0|0|0|0|0|0|0|0|0|0|0|0|0|0|0|0|0|0|0|0|0|0|0|0|0|0	0|0|0|0|0|0|0|0|0|0|0|0|0|0|0|0|0|0|0|0|0|0|0|0|0|0|0|0|0|0|0|0|0|0|0|0|0|0|0|0	10|10|0|0|1|1|1|0|0|0|0|0|0|0|0|0|1|1|1|0|0|0|0|0|0|0|0|0|0|0|0|0|0|0|0|0|0|0|0|0	{雷霆单件|151:0:1}ぐ{属性激活→|250:0:1}{属性效果已生效|70:0:1}
234	1	战神项链	战神项链	0|0|0|0|0|0|0|0|0|0|0|0|0|0|0|0|0|0|0|0|0|0|0|0|0|0|0|0|0|0|0|0|0|0|0|0|0|0|0|0	0|0|0|0|0|0|0|0|0|0|0|0|0|0|0|0|0|0|0|0|0|0|0|0|0|0|0|0|0|0|0|0|0|0|0|0|0|0|0|0	20|20|0|0|2|2|2|0|0|0|0|0|0|0|0|0|2|2|2|0|0|0|0|0|0|0|0|0|0|0|0|0|0|0|0|0|0|0|0|0	{战神单件|151:0:1}ぐ{属性激活→|250:0:1}{属性效果已生效|70:0:1}
235	1	狂雷项链	狂雷项链	0|0|0|0|0|0|0|0|0|0|0|0|0|0|0|0|0|0|0|0|0|0|0|0|0|0|0|0|0|0|0|0|0|0|0|0|0|0|0|0	0|0|0|0|0|0|0|0|0|0|0|0|0|0|0|0|0|0|0|0|0|0|0|0|0|0|0|0|0|0|0|0|0|0|0|0|0|0|0|0	30|30|0|0|3|3|3|0|0|0|0|0|0|0|0|0|3|3|3|0|0|0|0|0|0|0|0|0|0|0|0|0|0|0|0|0|0|0|0|0	{狂雷单件|151:0:1}ぐ{属性激活→|250:0:1}{属性效果已生效|70:0:1}
236	1	火龙项链	火龙项链	0|0|0|0|0|0|0|0|0|0|0|0|0|0|0|0|0|0|0|0|0|0|0|0|0|0|0|0|0|0|0|0|0|0|0|0|0|0|0|0	0|0|0|0|0|0|0|0|0|0|0|0|0|0|0|0|0|0|0|0|0|0|0|0|0|0|0|0|0|0|0|0|0|0|0|0|0|0|0|0	40|40|0|0|4|4|4|0|0|0|0|0|0|0|0|0|4|4|4|0|0|0|0|0|0|0|0|0|0|0|0|0|0|0|0|0|0|0|0|0	{火龙单件|151:0:1}ぐ{属性激活→|250:0:1}{属性效果已生效|70:0:1}
237	1	青虹项链	青虹项链	0|0|0|0|0|0|0|0|0|0|0|0|0|0|0|0|0|0|0|0|0|0|0|0|0|0|0|0|0|0|0|0|0|0|0|0|0|0|0|0	0|0|0|0|0|0|0|0|0|0|0|0|0|0|0|0|0|0|0|0|0|0|0|0|0|0|0|0|0|0|0|0|0|0|0|0|0|0|0|0	50|50|0|0|5|5|5|0|0|0|0|0|0|0|0|0|5|5|5|0|0|0|0|0|0|0|0|0|0|0|0|0|0|0|0|0|0|0|0|0	{青虹单件|151:0:1}ぐ{属性激活→|250:0:1}{属性效果已生效|70:0:1}
238	1	莫邪项链	莫邪项链	0|0|0|0|0|0|0|0|0|0|0|0|0|0|0|0|0|0|0|0|0|0|0|0|0|0|0|0|0|0|0|0|0|0|0|0|0|0|0|0	0|0|0|0|0|0|0|0|0|0|0|0|0|0|0|0|0|0|0|0|0|0|0|0|0|0|0|0|0|0|0|0|0|0|0|0|0|0|0|0	60|60|0|0|6|6|6|0|0|0|0|0|0|0|0|0|6|6|6|0|0|0|0|0|0|0|0|0|0|0|0|0|0|0|0|0|0|0|0|0	{莫邪单件|151:0:1}ぐ{属性激活→|250:0:1}{属性效果已生效|70:0:1}
239	1	龙渊项链	龙渊项链	0|0|0|0|0|0|0|0|0|0|0|0|0|0|0|0|0|0|0|0|0|0|0|0|0|0|0|0|0|0|0|0|0|0|0|0|0|0|0|0	0|0|0|0|0|0|0|0|0|0|0|0|0|0|0|0|0|0|0|0|0|0|0|0|0|0|0|0|0|0|0|0|0|0|0|0|0|0|0|0	70|70|0|0|7|7|7|0|0|0|0|0|0|0|0|0|7|7|7|0|0|0|0|0|0|0|0|0|0|0|0|0|0|0|0|0|0|0|0|0	{龙渊单件|151:0:1}ぐ{属性激活→|250:0:1}{属性效果已生效|70:0:1}
240	1	龙焰项链	龙焰项链	0|0|0|0|0|0|0|0|0|0|0|0|0|0|0|0|0|0|0|0|0|0|0|0|0|0|0|0|0|0|0|0|0|0|0|0|0|0|0|0	0|0|0|0|0|0|0|0|0|0|0|0|0|0|0|0|0|0|0|0|0|0|0|0|0|0|0|0|0|0|0|0|0|0|0|0|0|0|0|0	80|80|0|0|8|8|8|0|0|0|0|0|0|0|0|0|8|8|8|0|0|0|0|0|0|0|0|0|0|0|0|0|0|0|0|0|0|0|0|0	{龙焰单件|151:0:1}ぐ{属性激活→|250:0:1}{属性效果已生效|70:0:1}
241	1	干将项链	干将项链	0|0|0|0|0|0|0|0|0|0|0|0|0|0|0|0|0|0|0|0|0|0|0|0|0|0|0|0|0|0|0|0|0|0|0|0|0|0|0|0	0|0|0|0|0|0|0|0|0|0|0|0|0|0|0|0|0|0|0|0|0|0|0|0|0|0|0|0|0|0|0|0|0|0|0|0|0|0|0|0	90|90|0|0|9|9|9|0|0|0|0|0|0|0|0|0|9|9|9|0|0|0|0|0|0|0|0|0|0|0|0|0|0|0|0|0|0|0|0|0	{干将单件|151:0:1}ぐ{属性激活→|250:0:1}{属性效果已生效|70:0:1}
242	1	巨阕项链	巨阕项链	0|0|0|0|0|0|0|0|0|0|0|0|0|0|0|0|0|0|0|0|0|0|0|0|0|0|0|0|0|0|0|0|0|0|0|0|0|0|0|0	0|0|0|0|0|0|0|0|0|0|0|0|0|0|0|0|0|0|0|0|0|0|0|0|0|0|0|0|0|0|0|0|0|0|0|0|0|0|0|0	100|100|0|0|10|10|10|0|0|0|0|0|0|0|0|0|10|10|10|0|0|0|0|0|0|0|0|0|0|0|0|0|0|0|0|0|0|0|0|0	{巨阕单件|151:0:1}ぐ{属性激活→|250:0:1}{属性效果已生效|70:0:1}
243	1	湛卢项链	湛卢项链	0|0|0|0|0|0|0|0|0|0|0|0|0|0|0|0|0|0|0|0|0|0|0|0|0|0|0|0|0|0|0|0|0|0|0|0|0|0|0|0	0|0|0|0|0|0|0|0|0|0|0|0|0|0|0|0|0|0|0|0|0|0|0|0|0|0|0|0|0|0|0|0|0|0|0|0|0|0|0|0	120|120|0|0|11|11|11|0|0|0|0|0|0|0|0|0|11|11|11|0|0|0|0|0|0|0|0|0|0|0|0|0|0|0|0|0|0|0|0|0	{湛卢单件|151:0:1}ぐ{属性激活→|250:0:1}{属性效果已生效|70:0:1}
244	1	天煞项链	天煞项链	0|0|0|0|0|0|0|0|0|0|0|0|0|0|0|0|0|0|0|0|0|0|0|0|0|0|0|0|0|0|0|0|0|0|0|0|0|0|0|0	0|0|0|0|0|0|0|0|0|0|0|0|0|0|0|0|0|0|0|0|0|0|0|0|0|0|0|0|0|0|0|0|0|0|0|0|0|0|0|0	140|140|0|0|12|12|12|0|0|0|0|0|0|0|0|0|12|12|12|0|0|0|0|0|0|0|0|0|0|0|0|0|0|0|0|0|0|0|0|0	{天煞单件|151:0:1}ぐ{属性激活→|250:0:1}{属性效果已生效|70:0:1}
245	1	英雄项链	英雄项链	0|0|0|0|0|0|0|0|0|0|0|0|0|0|0|0|0|0|0|0|0|0|0|0|0|0|0|0|0|0|0|0|0|0|0|0|0|0|0|0	0|0|0|0|0|0|0|0|0|0|0|0|0|0|0|0|0|0|0|0|0|0|0|0|0|0|0|0|0|0|0|0|0|0|0|0|0|0|0|0	160|160|0|0|13|13|13|0|0|0|0|0|0|0|0|0|13|13|13|0|0|0|0|0|0|0|0|0|0|0|0|0|0|0|0|0|0|0|0|0	{英雄单件|151:0:1}ぐ{属性激活→|250:0:1}{属性效果已生效|70:0:1}
246	1	惊云项链	惊云项链	0|0|0|0|0|0|0|0|0|0|0|0|0|0|0|0|0|0|0|0|0|0|0|0|0|0|0|0|0|0|0|0|0|0|0|0|0|0|0|0	0|0|0|0|0|0|0|0|0|0|0|0|0|0|0|0|0|0|0|0|0|0|0|0|0|0|0|0|0|0|0|0|0|0|0|0|0|0|0|0	180|180|0|0|14|14|14|0|0|0|0|0|0|0|0|0|14|14|14|0|0|0|0|0|0|0|0|0|0|0|0|0|0|0|0|0|0|0|0|0	{惊云单件|151:0:1}ぐ{属性激活→|250:0:1}{属性效果已生效|70:0:1}
247	1	霸业项链	霸业项链	0|0|0|0|0|0|0|0|0|0|0|0|0|0|0|0|0|0|0|0|0|0|0|0|0|0|0|0|0|0|0|0|0|0|0|0|0|0|0|0	0|0|0|0|0|0|0|0|0|0|0|0|0|0|0|0|0|0|0|0|0|0|0|0|0|0|0|0|0|0|0|0|0|0|0|0|0|0|0|0	200|200|0|0|15|15|15|0|0|0|0|0|0|0|0|0|15|15|15|0|0|0|0|0|0|0|0|0|0|0|0|0|0|0|0|0|0|0|0|0	{霸业单件|151:0:1}ぐ{属性激活→|250:0:1}{属性效果已生效|70:0:1}
248	1	雷霆手镯	雷霆手镯	0|0|0|0|0|0|0|0|0|0|0|0|0|0|0|0|0|0|0|0|0|0|0|0|0|0|0|0|0|0|0|0|0|0|0|0|0|0|0|0	0|0|0|0|0|0|0|0|0|0|0|0|0|0|0|0|0|0|0|0|0|0|0|0|0|0|0|0|0|0|0|0|0|0|0|0|0|0|0|0	10|10|0|0|1|1|1|0|0|0|0|0|0|0|0|0|1|1|1|0|0|0|0|0|0|0|0|0|0|0|0|0|0|0|0|0|0|0|0|0	{雷霆单件|151:0:1}ぐ{属性激活→|250:0:1}{属性效果已生效|70:0:1}
249	1	战神手镯	战神手镯	0|0|0|0|0|0|0|0|0|0|0|0|0|0|0|0|0|0|0|0|0|0|0|0|0|0|0|0|0|0|0|0|0|0|0|0|0|0|0|0	0|0|0|0|0|0|0|0|0|0|0|0|0|0|0|0|0|0|0|0|0|0|0|0|0|0|0|0|0|0|0|0|0|0|0|0|0|0|0|0	20|20|0|0|2|2|2|0|0|0|0|0|0|0|0|0|2|2|2|0|0|0|0|0|0|0|0|0|0|0|0|0|0|0|0|0|0|0|0|0	{战神单件|151:0:1}ぐ{属性激活→|250:0:1}{属性效果已生效|70:0:1}
250	1	狂雷手镯	狂雷手镯	0|0|0|0|0|0|0|0|0|0|0|0|0|0|0|0|0|0|0|0|0|0|0|0|0|0|0|0|0|0|0|0|0|0|0|0|0|0|0|0	0|0|0|0|0|0|0|0|0|0|0|0|0|0|0|0|0|0|0|0|0|0|0|0|0|0|0|0|0|0|0|0|0|0|0|0|0|0|0|0	30|30|0|0|3|3|3|0|0|0|0|0|0|0|0|0|3|3|3|0|0|0|0|0|0|0|0|0|0|0|0|0|0|0|0|0|0|0|0|0	{狂雷单件|151:0:1}ぐ{属性激活→|250:0:1}{属性效果已生效|70:0:1}
251	1	火龙手镯	火龙手镯	0|0|0|0|0|0|0|0|0|0|0|0|0|0|0|0|0|0|0|0|0|0|0|0|0|0|0|0|0|0|0|0|0|0|0|0|0|0|0|0	0|0|0|0|0|0|0|0|0|0|0|0|0|0|0|0|0|0|0|0|0|0|0|0|0|0|0|0|0|0|0|0|0|0|0|0|0|0|0|0	40|40|0|0|4|4|4|0|0|0|0|0|0|0|0|0|4|4|4|0|0|0|0|0|0|0|0|0|0|0|0|0|0|0|0|0|0|0|0|0	{火龙单件|151:0:1}ぐ{属性激活→|250:0:1}{属性效果已生效|70:0:1}
252	1	青虹手镯	青虹手镯	0|0|0|0|0|0|0|0|0|0|0|0|0|0|0|0|0|0|0|0|0|0|0|0|0|0|0|0|0|0|0|0|0|0|0|0|0|0|0|0	0|0|0|0|0|0|0|0|0|0|0|0|0|0|0|0|0|0|0|0|0|0|0|0|0|0|0|0|0|0|0|0|0|0|0|0|0|0|0|0	50|50|0|0|5|5|5|0|0|0|0|0|0|0|0|0|5|5|5|0|0|0|0|0|0|0|0|0|0|0|0|0|0|0|0|0|0|0|0|0	{青虹单件|151:0:1}ぐ{属性激活→|250:0:1}{属性效果已生效|70:0:1}
253	1	莫邪手镯	莫邪手镯	0|0|0|0|0|0|0|0|0|0|0|0|0|0|0|0|0|0|0|0|0|0|0|0|0|0|0|0|0|0|0|0|0|0|0|0|0|0|0|0	0|0|0|0|0|0|0|0|0|0|0|0|0|0|0|0|0|0|0|0|0|0|0|0|0|0|0|0|0|0|0|0|0|0|0|0|0|0|0|0	60|60|0|0|6|6|6|0|0|0|0|0|0|0|0|0|6|6|6|0|0|0|0|0|0|0|0|0|0|0|0|0|0|0|0|0|0|0|0|0	{莫邪单件|151:0:1}ぐ{属性激活→|250:0:1}{属性效果已生效|70:0:1}
254	1	龙渊手镯	龙渊手镯	0|0|0|0|0|0|0|0|0|0|0|0|0|0|0|0|0|0|0|0|0|0|0|0|0|0|0|0|0|0|0|0|0|0|0|0|0|0|0|0	0|0|0|0|0|0|0|0|0|0|0|0|0|0|0|0|0|0|0|0|0|0|0|0|0|0|0|0|0|0|0|0|0|0|0|0|0|0|0|0	70|70|0|0|7|7|7|0|0|0|0|0|0|0|0|0|7|7|7|0|0|0|0|0|0|0|0|0|0|0|0|0|0|0|0|0|0|0|0|0	{龙渊单件|151:0:1}ぐ{属性激活→|250:0:1}{属性效果已生效|70:0:1}
255	1	龙焰手镯	龙焰手镯	0|0|0|0|0|0|0|0|0|0|0|0|0|0|0|0|0|0|0|0|0|0|0|0|0|0|0|0|0|0|0|0|0|0|0|0|0|0|0|0	0|0|0|0|0|0|0|0|0|0|0|0|0|0|0|0|0|0|0|0|0|0|0|0|0|0|0|0|0|0|0|0|0|0|0|0|0|0|0|0	80|80|0|0|8|8|8|0|0|0|0|0|0|0|0|0|8|8|8|0|0|0|0|0|0|0|0|0|0|0|0|0|0|0|0|0|0|0|0|0	{龙焰单件|151:0:1}ぐ{属性激活→|250:0:1}{属性效果已生效|70:0:1}
256	1	干将手镯	干将手镯	0|0|0|0|0|0|0|0|0|0|0|0|0|0|0|0|0|0|0|0|0|0|0|0|0|0|0|0|0|0|0|0|0|0|0|0|0|0|0|0	0|0|0|0|0|0|0|0|0|0|0|0|0|0|0|0|0|0|0|0|0|0|0|0|0|0|0|0|0|0|0|0|0|0|0|0|0|0|0|0	90|90|0|0|9|9|9|0|0|0|0|0|0|0|0|0|9|9|9|0|0|0|0|0|0|0|0|0|0|0|0|0|0|0|0|0|0|0|0|0	{干将单件|151:0:1}ぐ{属性激活→|250:0:1}{属性效果已生效|70:0:1}
257	1	巨阕手镯	巨阕手镯	0|0|0|0|0|0|0|0|0|0|0|0|0|0|0|0|0|0|0|0|0|0|0|0|0|0|0|0|0|0|0|0|0|0|0|0|0|0|0|0	0|0|0|0|0|0|0|0|0|0|0|0|0|0|0|0|0|0|0|0|0|0|0|0|0|0|0|0|0|0|0|0|0|0|0|0|0|0|0|0	100|100|0|0|10|10|10|0|0|0|0|0|0|0|0|0|10|10|10|0|0|0|0|0|0|0|0|0|0|0|0|0|0|0|0|0|0|0|0|0	{巨阕单件|151:0:1}ぐ{属性激活→|250:0:1}{属性效果已生效|70:0:1}
258	1	湛卢手镯	湛卢手镯	0|0|0|0|0|0|0|0|0|0|0|0|0|0|0|0|0|0|0|0|0|0|0|0|0|0|0|0|0|0|0|0|0|0|0|0|0|0|0|0	0|0|0|0|0|0|0|0|0|0|0|0|0|0|0|0|0|0|0|0|0|0|0|0|0|0|0|0|0|0|0|0|0|0|0|0|0|0|0|0	120|120|0|0|11|11|11|0|0|0|0|0|0|0|0|0|11|11|11|0|0|0|0|0|0|0|0|0|0|0|0|0|0|0|0|0|0|0|0|0	{湛卢单件|151:0:1}ぐ{属性激活→|250:0:1}{属性效果已生效|70:0:1}
259	1	天煞手镯	天煞手镯	0|0|0|0|0|0|0|0|0|0|0|0|0|0|0|0|0|0|0|0|0|0|0|0|0|0|0|0|0|0|0|0|0|0|0|0|0|0|0|0	0|0|0|0|0|0|0|0|0|0|0|0|0|0|0|0|0|0|0|0|0|0|0|0|0|0|0|0|0|0|0|0|0|0|0|0|0|0|0|0	140|140|0|0|12|12|12|0|0|0|0|0|0|0|0|0|12|12|12|0|0|0|0|0|0|0|0|0|0|0|0|0|0|0|0|0|0|0|0|0	{天煞单件|151:0:1}ぐ{属性激活→|250:0:1}{属性效果已生效|70:0:1}
260	1	英雄手镯	英雄手镯	0|0|0|0|0|0|0|0|0|0|0|0|0|0|0|0|0|0|0|0|0|0|0|0|0|0|0|0|0|0|0|0|0|0|0|0|0|0|0|0	0|0|0|0|0|0|0|0|0|0|0|0|0|0|0|0|0|0|0|0|0|0|0|0|0|0|0|0|0|0|0|0|0|0|0|0|0|0|0|0	160|160|0|0|13|13|13|0|0|0|0|0|0|0|0|0|13|13|13|0|0|0|0|0|0|0|0|0|0|0|0|0|0|0|0|0|0|0|0|0	{英雄单件|151:0:1}ぐ{属性激活→|250:0:1}{属性效果已生效|70:0:1}
261	1	惊云手镯	惊云手镯	0|0|0|0|0|0|0|0|0|0|0|0|0|0|0|0|0|0|0|0|0|0|0|0|0|0|0|0|0|0|0|0|0|0|0|0|0|0|0|0	0|0|0|0|0|0|0|0|0|0|0|0|0|0|0|0|0|0|0|0|0|0|0|0|0|0|0|0|0|0|0|0|0|0|0|0|0|0|0|0	180|180|0|0|14|14|14|0|0|0|0|0|0|0|0|0|14|14|14|0|0|0|0|0|0|0|0|0|0|0|0|0|0|0|0|0|0|0|0|0	{惊云单件|151:0:1}ぐ{属性激活→|250:0:1}{属性效果已生效|70:0:1}
262	1	霸业手镯	霸业手镯	0|0|0|0|0|0|0|0|0|0|0|0|0|0|0|0|0|0|0|0|0|0|0|0|0|0|0|0|0|0|0|0|0|0|0|0|0|0|0|0	0|0|0|0|0|0|0|0|0|0|0|0|0|0|0|0|0|0|0|0|0|0|0|0|0|0|0|0|0|0|0|0|0|0|0|0|0|0|0|0	200|200|0|0|15|15|15|0|0|0|0|0|0|0|0|0|15|15|15|0|0|0|0|0|0|0|0|0|0|0|0|0|0|0|0|0|0|0|0|0	{霸业单件|151:0:1}ぐ{属性激活→|250:0:1}{属性效果已生效|70:0:1}
263	1	雷霆靴子	雷霆靴子	0|0|0|0|0|0|0|0|0|0|0|0|0|0|0|0|0|0|0|0|0|0|0|0|0|0|0|0|0|0|0|0|0|0|0|0|0|0|0|0	0|0|0|0|0|0|0|0|0|0|0|0|0|0|0|0|0|0|0|0|0|0|0|0|0|0|0|0|0|0|0|0|0|0|0|0|0|0|0|0	10|10|0|0|1|1|1|0|0|0|0|0|0|0|0|0|1|1|1|0|0|0|0|0|0|0|0|0|0|0|0|0|0|0|0|0|0|0|0|0	{雷霆单件|151:0:1}ぐ{属性激活→|250:0:1}{属性效果已生效|70:0:1}
264	1	战神靴子	战神靴子	0|0|0|0|0|0|0|0|0|0|0|0|0|0|0|0|0|0|0|0|0|0|0|0|0|0|0|0|0|0|0|0|0|0|0|0|0|0|0|0	0|0|0|0|0|0|0|0|0|0|0|0|0|0|0|0|0|0|0|0|0|0|0|0|0|0|0|0|0|0|0|0|0|0|0|0|0|0|0|0	20|20|0|0|2|2|2|0|0|0|0|0|0|0|0|0|2|2|2|0|0|0|0|0|0|0|0|0|0|0|0|0|0|0|0|0|0|0|0|0	{战神单件|151:0:1}ぐ{属性激活→|250:0:1}{属性效果已生效|70:0:1}
265	1	狂雷靴子	狂雷靴子	0|0|0|0|0|0|0|0|0|0|0|0|0|0|0|0|0|0|0|0|0|0|0|0|0|0|0|0|0|0|0|0|0|0|0|0|0|0|0|0	0|0|0|0|0|0|0|0|0|0|0|0|0|0|0|0|0|0|0|0|0|0|0|0|0|0|0|0|0|0|0|0|0|0|0|0|0|0|0|0	30|30|0|0|3|3|3|0|0|0|0|0|0|0|0|0|3|3|3|0|0|0|0|0|0|0|0|0|0|0|0|0|0|0|0|0|0|0|0|0	{狂雷单件|151:0:1}ぐ{属性激活→|250:0:1}{属性效果已生效|70:0:1}
266	1	火龙靴子	火龙靴子	0|0|0|0|0|0|0|0|0|0|0|0|0|0|0|0|0|0|0|0|0|0|0|0|0|0|0|0|0|0|0|0|0|0|0|0|0|0|0|0	0|0|0|0|0|0|0|0|0|0|0|0|0|0|0|0|0|0|0|0|0|0|0|0|0|0|0|0|0|0|0|0|0|0|0|0|0|0|0|0	40|40|0|0|4|4|4|0|0|0|0|0|0|0|0|0|4|4|4|0|0|0|0|0|0|0|0|0|0|0|0|0|0|0|0|0|0|0|0|0	{火龙单件|151:0:1}ぐ{属性激活→|250:0:1}{属性效果已生效|70:0:1}
267	1	青虹靴子	青虹靴子	0|0|0|0|0|0|0|0|0|0|0|0|0|0|0|0|0|0|0|0|0|0|0|0|0|0|0|0|0|0|0|0|0|0|0|0|0|0|0|0	0|0|0|0|0|0|0|0|0|0|0|0|0|0|0|0|0|0|0|0|0|0|0|0|0|0|0|0|0|0|0|0|0|0|0|0|0|0|0|0	50|50|0|0|5|5|5|0|0|0|0|0|0|0|0|0|5|5|5|0|0|0|0|0|0|0|0|0|0|0|0|0|0|0|0|0|0|0|0|0	{青虹单件|151:0:1}ぐ{属性激活→|250:0:1}{属性效果已生效|70:0:1}
268	1	莫邪靴子	莫邪靴子	0|0|0|0|0|0|0|0|0|0|0|0|0|0|0|0|0|0|0|0|0|0|0|0|0|0|0|0|0|0|0|0|0|0|0|0|0|0|0|0	0|0|0|0|0|0|0|0|0|0|0|0|0|0|0|0|0|0|0|0|0|0|0|0|0|0|0|0|0|0|0|0|0|0|0|0|0|0|0|0	60|60|0|0|6|6|6|0|0|0|0|0|0|0|0|0|6|6|6|0|0|0|0|0|0|0|0|0|0|0|0|0|0|0|0|0|0|0|0|0	{莫邪单件|151:0:1}ぐ{属性激活→|250:0:1}{属性效果已生效|70:0:1}
269	1	龙渊靴子	龙渊靴子	0|0|0|0|0|0|0|0|0|0|0|0|0|0|0|0|0|0|0|0|0|0|0|0|0|0|0|0|0|0|0|0|0|0|0|0|0|0|0|0	0|0|0|0|0|0|0|0|0|0|0|0|0|0|0|0|0|0|0|0|0|0|0|0|0|0|0|0|0|0|0|0|0|0|0|0|0|0|0|0	70|70|0|0|7|7|7|0|0|0|0|0|0|0|0|0|7|7|7|0|0|0|0|0|0|0|0|0|0|0|0|0|0|0|0|0|0|0|0|0	{龙渊单件|151:0:1}ぐ{属性激活→|250:0:1}{属性效果已生效|70:0:1}
270	1	龙焰靴子	龙焰靴子	0|0|0|0|0|0|0|0|0|0|0|0|0|0|0|0|0|0|0|0|0|0|0|0|0|0|0|0|0|0|0|0|0|0|0|0|0|0|0|0	0|0|0|0|0|0|0|0|0|0|0|0|0|0|0|0|0|0|0|0|0|0|0|0|0|0|0|0|0|0|0|0|0|0|0|0|0|0|0|0	80|80|0|0|8|8|8|0|0|0|0|0|0|0|0|0|8|8|8|0|0|0|0|0|0|0|0|0|0|0|0|0|0|0|0|0|0|0|0|0	{龙焰单件|151:0:1}ぐ{属性激活→|250:0:1}{属性效果已生效|70:0:1}
271	1	干将靴子	干将靴子	0|0|0|0|0|0|0|0|0|0|0|0|0|0|0|0|0|0|0|0|0|0|0|0|0|0|0|0|0|0|0|0|0|0|0|0|0|0|0|0	0|0|0|0|0|0|0|0|0|0|0|0|0|0|0|0|0|0|0|0|0|0|0|0|0|0|0|0|0|0|0|0|0|0|0|0|0|0|0|0	90|90|0|0|9|9|9|0|0|0|0|0|0|0|0|0|9|9|9|0|0|0|0|0|0|0|0|0|0|0|0|0|0|0|0|0|0|0|0|0	{干将单件|151:0:1}ぐ{属性激活→|250:0:1}{属性效果已生效|70:0:1}
272	1	巨阕靴子	巨阕靴子	0|0|0|0|0|0|0|0|0|0|0|0|0|0|0|0|0|0|0|0|0|0|0|0|0|0|0|0|0|0|0|0|0|0|0|0|0|0|0|0	0|0|0|0|0|0|0|0|0|0|0|0|0|0|0|0|0|0|0|0|0|0|0|0|0|0|0|0|0|0|0|0|0|0|0|0|0|0|0|0	100|100|0|0|10|10|10|0|0|0|0|0|0|0|0|0|10|10|10|0|0|0|0|0|0|0|0|0|0|0|0|0|0|0|0|0|0|0|0|0	{巨阕单件|151:0:1}ぐ{属性激活→|250:0:1}{属性效果已生效|70:0:1}
273	1	湛卢靴子	湛卢靴子	0|0|0|0|0|0|0|0|0|0|0|0|0|0|0|0|0|0|0|0|0|0|0|0|0|0|0|0|0|0|0|0|0|0|0|0|0|0|0|0	0|0|0|0|0|0|0|0|0|0|0|0|0|0|0|0|0|0|0|0|0|0|0|0|0|0|0|0|0|0|0|0|0|0|0|0|0|0|0|0	120|120|0|0|11|11|11|0|0|0|0|0|0|0|0|0|11|11|11|0|0|0|0|0|0|0|0|0|0|0|0|0|0|0|0|0|0|0|0|0	{湛卢单件|151:0:1}ぐ{属性激活→|250:0:1}{属性效果已生效|70:0:1}
274	1	天煞靴子	天煞靴子	0|0|0|0|0|0|0|0|0|0|0|0|0|0|0|0|0|0|0|0|0|0|0|0|0|0|0|0|0|0|0|0|0|0|0|0|0|0|0|0	0|0|0|0|0|0|0|0|0|0|0|0|0|0|0|0|0|0|0|0|0|0|0|0|0|0|0|0|0|0|0|0|0|0|0|0|0|0|0|0	140|140|0|0|12|12|12|0|0|0|0|0|0|0|0|0|12|12|12|0|0|0|0|0|0|0|0|0|0|0|0|0|0|0|0|0|0|0|0|0	{天煞单件|151:0:1}ぐ{属性激活→|250:0:1}{属性效果已生效|70:0:1}
275	1	英雄靴子	英雄靴子	0|0|0|0|0|0|0|0|0|0|0|0|0|0|0|0|0|0|0|0|0|0|0|0|0|0|0|0|0|0|0|0|0|0|0|0|0|0|0|0	0|0|0|0|0|0|0|0|0|0|0|0|0|0|0|0|0|0|0|0|0|0|0|0|0|0|0|0|0|0|0|0|0|0|0|0|0|0|0|0	160|160|0|0|13|13|13|0|0|0|0|0|0|0|0|0|13|13|13|0|0|0|0|0|0|0|0|0|0|0|0|0|0|0|0|0|0|0|0|0	{英雄单件|151:0:1}ぐ{属性激活→|250:0:1}{属性效果已生效|70:0:1}
276	1	惊云靴子	惊云靴子	0|0|0|0|0|0|0|0|0|0|0|0|0|0|0|0|0|0|0|0|0|0|0|0|0|0|0|0|0|0|0|0|0|0|0|0|0|0|0|0	0|0|0|0|0|0|0|0|0|0|0|0|0|0|0|0|0|0|0|0|0|0|0|0|0|0|0|0|0|0|0|0|0|0|0|0|0|0|0|0	180|180|0|0|14|14|14|0|0|0|0|0|0|0|0|0|14|14|14|0|0|0|0|0|0|0|0|0|0|0|0|0|0|0|0|0|0|0|0|0	{惊云单件|151:0:1}ぐ{属性激活→|250:0:1}{属性效果已生效|70:0:1}
277	1	霸业靴子	霸业靴子	0|0|0|0|0|0|0|0|0|0|0|0|0|0|0|0|0|0|0|0|0|0|0|0|0|0|0|0|0|0|0|0|0|0|0|0|0|0|0|0	0|0|0|0|0|0|0|0|0|0|0|0|0|0|0|0|0|0|0|0|0|0|0|0|0|0|0|0|0|0|0|0|0|0|0|0|0|0|0|0	200|200|0|0|15|15|15|0|0|0|0|0|0|0|0|0|15|15|15|0|0|0|0|0|0|0|0|0|0|0|0|0|0|0|0|0|0|0|0|0	{霸业单件|151:0:1}ぐ{属性激活→|250:0:1}{属性效果已生效|70:0:1}
278	1	雷霆腰带	雷霆腰带	0|0|0|0|0|0|0|0|0|0|0|0|0|0|0|0|0|0|0|0|0|0|0|0|0|0|0|0|0|0|0|0|0|0|0|0|0|0|0|0	0|0|0|0|0|0|0|0|0|0|0|0|0|0|0|0|0|0|0|0|0|0|0|0|0|0|0|0|0|0|0|0|0|0|0|0|0|0|0|0	10|10|0|0|1|1|1|0|0|0|0|0|0|0|0|0|1|1|1|0|0|0|0|0|0|0|0|0|0|0|0|0|0|0|0|0|0|0|0|0	{雷霆单件|151:0:1}ぐ{属性激活→|250:0:1}{属性效果已生效|70:0:1}
279	1	战神腰带	战神腰带	0|0|0|0|0|0|0|0|0|0|0|0|0|0|0|0|0|0|0|0|0|0|0|0|0|0|0|0|0|0|0|0|0|0|0|0|0|0|0|0	0|0|0|0|0|0|0|0|0|0|0|0|0|0|0|0|0|0|0|0|0|0|0|0|0|0|0|0|0|0|0|0|0|0|0|0|0|0|0|0	20|20|0|0|2|2|2|0|0|0|0|0|0|0|0|0|2|2|2|0|0|0|0|0|0|0|0|0|0|0|0|0|0|0|0|0|0|0|0|0	{战神单件|151:0:1}ぐ{属性激活→|250:0:1}{属性效果已生效|70:0:1}
280	1	狂雷腰带	狂雷腰带	0|0|0|0|0|0|0|0|0|0|0|0|0|0|0|0|0|0|0|0|0|0|0|0|0|0|0|0|0|0|0|0|0|0|0|0|0|0|0|0	0|0|0|0|0|0|0|0|0|0|0|0|0|0|0|0|0|0|0|0|0|0|0|0|0|0|0|0|0|0|0|0|0|0|0|0|0|0|0|0	30|30|0|0|3|3|3|0|0|0|0|0|0|0|0|0|3|3|3|0|0|0|0|0|0|0|0|0|0|0|0|0|0|0|0|0|0|0|0|0	{狂雷单件|151:0:1}ぐ{属性激活→|250:0:1}{属性效果已生效|70:0:1}
281	1	火龙腰带	火龙腰带	0|0|0|0|0|0|0|0|0|0|0|0|0|0|0|0|0|0|0|0|0|0|0|0|0|0|0|0|0|0|0|0|0|0|0|0|0|0|0|0	0|0|0|0|0|0|0|0|0|0|0|0|0|0|0|0|0|0|0|0|0|0|0|0|0|0|0|0|0|0|0|0|0|0|0|0|0|0|0|0	40|40|0|0|4|4|4|0|0|0|0|0|0|0|0|0|4|4|4|0|0|0|0|0|0|0|0|0|0|0|0|0|0|0|0|0|0|0|0|0	{火龙单件|151:0:1}ぐ{属性激活→|250:0:1}{属性效果已生效|70:0:1}
282	1	青虹腰带	青虹腰带	0|0|0|0|0|0|0|0|0|0|0|0|0|0|0|0|0|0|0|0|0|0|0|0|0|0|0|0|0|0|0|0|0|0|0|0|0|0|0|0	0|0|0|0|0|0|0|0|0|0|0|0|0|0|0|0|0|0|0|0|0|0|0|0|0|0|0|0|0|0|0|0|0|0|0|0|0|0|0|0	50|50|0|0|5|5|5|0|0|0|0|0|0|0|0|0|5|5|5|0|0|0|0|0|0|0|0|0|0|0|0|0|0|0|0|0|0|0|0|0	{青虹单件|151:0:1}ぐ{属性激活→|250:0:1}{属性效果已生效|70:0:1}
283	1	莫邪腰带	莫邪腰带	0|0|0|0|0|0|0|0|0|0|0|0|0|0|0|0|0|0|0|0|0|0|0|0|0|0|0|0|0|0|0|0|0|0|0|0|0|0|0|0	0|0|0|0|0|0|0|0|0|0|0|0|0|0|0|0|0|0|0|0|0|0|0|0|0|0|0|0|0|0|0|0|0|0|0|0|0|0|0|0	60|60|0|0|6|6|6|0|0|0|0|0|0|0|0|0|6|6|6|0|0|0|0|0|0|0|0|0|0|0|0|0|0|0|0|0|0|0|0|0	{莫邪单件|151:0:1}ぐ{属性激活→|250:0:1}{属性效果已生效|70:0:1}
284	1	龙渊腰带	龙渊腰带	0|0|0|0|0|0|0|0|0|0|0|0|0|0|0|0|0|0|0|0|0|0|0|0|0|0|0|0|0|0|0|0|0|0|0|0|0|0|0|0	0|0|0|0|0|0|0|0|0|0|0|0|0|0|0|0|0|0|0|0|0|0|0|0|0|0|0|0|0|0|0|0|0|0|0|0|0|0|0|0	70|70|0|0|7|7|7|0|0|0|0|0|0|0|0|0|7|7|7|0|0|0|0|0|0|0|0|0|0|0|0|0|0|0|0|0|0|0|0|0	{龙渊单件|151:0:1}ぐ{属性激活→|250:0:1}{属性效果已生效|70:0:1}
285	1	龙焰腰带	龙焰腰带	0|0|0|0|0|0|0|0|0|0|0|0|0|0|0|0|0|0|0|0|0|0|0|0|0|0|0|0|0|0|0|0|0|0|0|0|0|0|0|0	0|0|0|0|0|0|0|0|0|0|0|0|0|0|0|0|0|0|0|0|0|0|0|0|0|0|0|0|0|0|0|0|0|0|0|0|0|0|0|0	80|80|0|0|8|8|8|0|0|0|0|0|0|0|0|0|8|8|8|0|0|0|0|0|0|0|0|0|0|0|0|0|0|0|0|0|0|0|0|0	{龙焰单件|151:0:1}ぐ{属性激活→|250:0:1}{属性效果已生效|70:0:1}
286	1	干将腰带	干将腰带	0|0|0|0|0|0|0|0|0|0|0|0|0|0|0|0|0|0|0|0|0|0|0|0|0|0|0|0|0|0|0|0|0|0|0|0|0|0|0|0	0|0|0|0|0|0|0|0|0|0|0|0|0|0|0|0|0|0|0|0|0|0|0|0|0|0|0|0|0|0|0|0|0|0|0|0|0|0|0|0	90|90|0|0|9|9|9|0|0|0|0|0|0|0|0|0|9|9|9|0|0|0|0|0|0|0|0|0|0|0|0|0|0|0|0|0|0|0|0|0	{干将单件|151:0:1}ぐ{属性激活→|250:0:1}{属性效果已生效|70:0:1}
287	1	巨阕腰带	巨阕腰带	0|0|0|0|0|0|0|0|0|0|0|0|0|0|0|0|0|0|0|0|0|0|0|0|0|0|0|0|0|0|0|0|0|0|0|0|0|0|0|0	0|0|0|0|0|0|0|0|0|0|0|0|0|0|0|0|0|0|0|0|0|0|0|0|0|0|0|0|0|0|0|0|0|0|0|0|0|0|0|0	100|100|0|0|10|10|10|0|0|0|0|0|0|0|0|0|10|10|10|0|0|0|0|0|0|0|0|0|0|0|0|0|0|0|0|0|0|0|0|0	{巨阕单件|151:0:1}ぐ{属性激活→|250:0:1}{属性效果已生效|70:0:1}
288	1	湛卢腰带	湛卢腰带	0|0|0|0|0|0|0|0|0|0|0|0|0|0|0|0|0|0|0|0|0|0|0|0|0|0|0|0|0|0|0|0|0|0|0|0|0|0|0|0	0|0|0|0|0|0|0|0|0|0|0|0|0|0|0|0|0|0|0|0|0|0|0|0|0|0|0|0|0|0|0|0|0|0|0|0|0|0|0|0	120|120|0|0|11|11|11|0|0|0|0|0|0|0|0|0|11|11|11|0|0|0|0|0|0|0|0|0|0|0|0|0|0|0|0|0|0|0|0|0	{湛卢单件|151:0:1}ぐ{属性激活→|250:0:1}{属性效果已生效|70:0:1}
289	1	天煞腰带	天煞腰带	0|0|0|0|0|0|0|0|0|0|0|0|0|0|0|0|0|0|0|0|0|0|0|0|0|0|0|0|0|0|0|0|0|0|0|0|0|0|0|0	0|0|0|0|0|0|0|0|0|0|0|0|0|0|0|0|0|0|0|0|0|0|0|0|0|0|0|0|0|0|0|0|0|0|0|0|0|0|0|0	140|140|0|0|12|12|12|0|0|0|0|0|0|0|0|0|12|12|12|0|0|0|0|0|0|0|0|0|0|0|0|0|0|0|0|0|0|0|0|0	{天煞单件|151:0:1}ぐ{属性激活→|250:0:1}{属性效果已生效|70:0:1}
290	1	英雄腰带	英雄腰带	0|0|0|0|0|0|0|0|0|0|0|0|0|0|0|0|0|0|0|0|0|0|0|0|0|0|0|0|0|0|0|0|0|0|0|0|0|0|0|0	0|0|0|0|0|0|0|0|0|0|0|0|0|0|0|0|0|0|0|0|0|0|0|0|0|0|0|0|0|0|0|0|0|0|0|0|0|0|0|0	160|160|0|0|13|13|13|0|0|0|0|0|0|0|0|0|13|13|13|0|0|0|0|0|0|0|0|0|0|0|0|0|0|0|0|0|0|0|0|0	{英雄单件|151:0:1}ぐ{属性激活→|250:0:1}{属性效果已生效|70:0:1}
291	1	惊云腰带	惊云腰带	0|0|0|0|0|0|0|0|0|0|0|0|0|0|0|0|0|0|0|0|0|0|0|0|0|0|0|0|0|0|0|0|0|0|0|0|0|0|0|0	0|0|0|0|0|0|0|0|0|0|0|0|0|0|0|0|0|0|0|0|0|0|0|0|0|0|0|0|0|0|0|0|0|0|0|0|0|0|0|0	180|180|0|0|14|14|14|0|0|0|0|0|0|0|0|0|14|14|14|0|0|0|0|0|0|0|0|0|0|0|0|0|0|0|0|0|0|0|0|0	{惊云单件|151:0:1}ぐ{属性激活→|250:0:1}{属性效果已生效|70:0:1}
292	1	霸业腰带	霸业腰带	0|0|0|0|0|0|0|0|0|0|0|0|0|0|0|0|0|0|0|0|0|0|0|0|0|0|0|0|0|0|0|0|0|0|0|0|0|0|0|0	0|0|0|0|0|0|0|0|0|0|0|0|0|0|0|0|0|0|0|0|0|0|0|0|0|0|0|0|0|0|0|0|0|0|0|0|0|0|0|0	200|200|0|0|15|15|15|0|0|0|0|0|0|0|0|0|15|15|15|0|0|0|0|0|0|0|0|0|0|0|0|0|0|0|0|0|0|0|0|0	{霸业单件|151:0:1}ぐ{属性激活→|250:0:1}{属性效果已生效|70:0:1}
293	1	雷霆戒指	雷霆戒指	0|0|0|0|0|0|0|0|0|0|0|0|0|0|0|0|0|0|0|0|0|0|0|0|0|0|0|0|0|0|0|0|0|0|0|0|0|0|0|0	0|0|0|0|0|0|0|0|0|0|0|0|0|0|0|0|0|0|0|0|0|0|0|0|0|0|0|0|0|0|0|0|0|0|0|0|0|0|0|0	10|10|0|0|1|1|1|0|0|0|0|0|0|0|0|0|1|1|1|0|0|0|0|0|0|0|0|0|0|0|0|0|0|0|0|0|0|0|0|0	{雷霆单件|151:0:1}ぐ{属性激活→|250:0:1}{属性效果已生效|70:0:1}
294	1	战神戒指	战神戒指	0|0|0|0|0|0|0|0|0|0|0|0|0|0|0|0|0|0|0|0|0|0|0|0|0|0|0|0|0|0|0|0|0|0|0|0|0|0|0|0	0|0|0|0|0|0|0|0|0|0|0|0|0|0|0|0|0|0|0|0|0|0|0|0|0|0|0|0|0|0|0|0|0|0|0|0|0|0|0|0	20|20|0|0|2|2|2|0|0|0|0|0|0|0|0|0|2|2|2|0|0|0|0|0|0|0|0|0|0|0|0|0|0|0|0|0|0|0|0|0	{战神单件|151:0:1}ぐ{属性激活→|250:0:1}{属性效果已生效|70:0:1}
295	1	狂雷戒指	狂雷戒指	0|0|0|0|0|0|0|0|0|0|0|0|0|0|0|0|0|0|0|0|0|0|0|0|0|0|0|0|0|0|0|0|0|0|0|0|0|0|0|0	0|0|0|0|0|0|0|0|0|0|0|0|0|0|0|0|0|0|0|0|0|0|0|0|0|0|0|0|0|0|0|0|0|0|0|0|0|0|0|0	30|30|0|0|3|3|3|0|0|0|0|0|0|0|0|0|3|3|3|0|0|0|0|0|0|0|0|0|0|0|0|0|0|0|0|0|0|0|0|0	{狂雷单件|151:0:1}ぐ{属性激活→|250:0:1}{属性效果已生效|70:0:1}
296	1	火龙戒指	火龙戒指	0|0|0|0|0|0|0|0|0|0|0|0|0|0|0|0|0|0|0|0|0|0|0|0|0|0|0|0|0|0|0|0|0|0|0|0|0|0|0|0	0|0|0|0|0|0|0|0|0|0|0|0|0|0|0|0|0|0|0|0|0|0|0|0|0|0|0|0|0|0|0|0|0|0|0|0|0|0|0|0	40|40|0|0|4|4|4|0|0|0|0|0|0|0|0|0|4|4|4|0|0|0|0|0|0|0|0|0|0|0|0|0|0|0|0|0|0|0|0|0	{火龙单件|151:0:1}ぐ{属性激活→|250:0:1}{属性效果已生效|70:0:1}
297	1	青虹戒指	青虹戒指	0|0|0|0|0|0|0|0|0|0|0|0|0|0|0|0|0|0|0|0|0|0|0|0|0|0|0|0|0|0|0|0|0|0|0|0|0|0|0|0	0|0|0|0|0|0|0|0|0|0|0|0|0|0|0|0|0|0|0|0|0|0|0|0|0|0|0|0|0|0|0|0|0|0|0|0|0|0|0|0	50|50|0|0|5|5|5|0|0|0|0|0|0|0|0|0|5|5|5|0|0|0|0|0|0|0|0|0|0|0|0|0|0|0|0|0|0|0|0|0	{青虹单件|151:0:1}ぐ{属性激活→|250:0:1}{属性效果已生效|70:0:1}
298	1	莫邪戒指	莫邪戒指	0|0|0|0|0|0|0|0|0|0|0|0|0|0|0|0|0|0|0|0|0|0|0|0|0|0|0|0|0|0|0|0|0|0|0|0|0|0|0|0	0|0|0|0|0|0|0|0|0|0|0|0|0|0|0|0|0|0|0|0|0|0|0|0|0|0|0|0|0|0|0|0|0|0|0|0|0|0|0|0	60|60|0|0|6|6|6|0|0|0|0|0|0|0|0|0|6|6|6|0|0|0|0|0|0|0|0|0|0|0|0|0|0|0|0|0|0|0|0|0	{莫邪单件|151:0:1}ぐ{属性激活→|250:0:1}{属性效果已生效|70:0:1}
299	1	龙渊戒指	龙渊戒指	0|0|0|0|0|0|0|0|0|0|0|0|0|0|0|0|0|0|0|0|0|0|0|0|0|0|0|0|0|0|0|0|0|0|0|0|0|0|0|0	0|0|0|0|0|0|0|0|0|0|0|0|0|0|0|0|0|0|0|0|0|0|0|0|0|0|0|0|0|0|0|0|0|0|0|0|0|0|0|0	70|70|0|0|7|7|7|0|0|0|0|0|0|0|0|0|7|7|7|0|0|0|0|0|0|0|0|0|0|0|0|0|0|0|0|0|0|0|0|0	{龙渊单件|151:0:1}ぐ{属性激活→|250:0:1}{属性效果已生效|70:0:1}
300	1	龙焰戒指	龙焰戒指	0|0|0|0|0|0|0|0|0|0|0|0|0|0|0|0|0|0|0|0|0|0|0|0|0|0|0|0|0|0|0|0|0|0|0|0|0|0|0|0	0|0|0|0|0|0|0|0|0|0|0|0|0|0|0|0|0|0|0|0|0|0|0|0|0|0|0|0|0|0|0|0|0|0|0|0|0|0|0|0	80|80|0|0|8|8|8|0|0|0|0|0|0|0|0|0|8|8|8|0|0|0|0|0|0|0|0|0|0|0|0|0|0|0|0|0|0|0|0|0	{龙焰单件|151:0:1}ぐ{属性激活→|250:0:1}{属性效果已生效|70:0:1}
301	1	干将戒指	干将戒指	0|0|0|0|0|0|0|0|0|0|0|0|0|0|0|0|0|0|0|0|0|0|0|0|0|0|0|0|0|0|0|0|0|0|0|0|0|0|0|0	0|0|0|0|0|0|0|0|0|0|0|0|0|0|0|0|0|0|0|0|0|0|0|0|0|0|0|0|0|0|0|0|0|0|0|0|0|0|0|0	90|90|0|0|9|9|9|0|0|0|0|0|0|0|0|0|9|9|9|0|0|0|0|0|0|0|0|0|0|0|0|0|0|0|0|0|0|0|0|0	{干将单件|151:0:1}ぐ{属性激活→|250:0:1}{属性效果已生效|70:0:1}
302	1	巨阕戒指	巨阕戒指	0|0|0|0|0|0|0|0|0|0|0|0|0|0|0|0|0|0|0|0|0|0|0|0|0|0|0|0|0|0|0|0|0|0|0|0|0|0|0|0	0|0|0|0|0|0|0|0|0|0|0|0|0|0|0|0|0|0|0|0|0|0|0|0|0|0|0|0|0|0|0|0|0|0|0|0|0|0|0|0	100|100|0|0|10|10|10|0|0|0|0|0|0|0|0|0|10|10|10|0|0|0|0|0|0|0|0|0|0|0|0|0|0|0|0|0|0|0|0|0	{巨阕单件|151:0:1}ぐ{属性激活→|250:0:1}{属性效果已生效|70:0:1}
303	1	湛卢戒指	湛卢戒指	0|0|0|0|0|0|0|0|0|0|0|0|0|0|0|0|0|0|0|0|0|0|0|0|0|0|0|0|0|0|0|0|0|0|0|0|0|0|0|0	0|0|0|0|0|0|0|0|0|0|0|0|0|0|0|0|0|0|0|0|0|0|0|0|0|0|0|0|0|0|0|0|0|0|0|0|0|0|0|0	120|120|0|0|11|11|11|0|0|0|0|0|0|0|0|0|11|11|11|0|0|0|0|0|0|0|0|0|0|0|0|0|0|0|0|0|0|0|0|0	{湛卢单件|151:0:1}ぐ{属性激活→|250:0:1}{属性效果已生效|70:0:1}
304	1	天煞戒指	天煞戒指	0|0|0|0|0|0|0|0|0|0|0|0|0|0|0|0|0|0|0|0|0|0|0|0|0|0|0|0|0|0|0|0|0|0|0|0|0|0|0|0	0|0|0|0|0|0|0|0|0|0|0|0|0|0|0|0|0|0|0|0|0|0|0|0|0|0|0|0|0|0|0|0|0|0|0|0|0|0|0|0	140|140|0|0|12|12|12|0|0|0|0|0|0|0|0|0|12|12|12|0|0|0|0|0|0|0|0|0|0|0|0|0|0|0|0|0|0|0|0|0	{天煞单件|151:0:1}ぐ{属性激活→|250:0:1}{属性效果已生效|70:0:1}
305	1	英雄戒指	英雄戒指	0|0|0|0|0|0|0|0|0|0|0|0|0|0|0|0|0|0|0|0|0|0|0|0|0|0|0|0|0|0|0|0|0|0|0|0|0|0|0|0	0|0|0|0|0|0|0|0|0|0|0|0|0|0|0|0|0|0|0|0|0|0|0|0|0|0|0|0|0|0|0|0|0|0|0|0|0|0|0|0	160|160|0|0|13|13|13|0|0|0|0|0|0|0|0|0|13|13|13|0|0|0|0|0|0|0|0|0|0|0|0|0|0|0|0|0|0|0|0|0	{英雄单件|151:0:1}ぐ{属性激活→|250:0:1}{属性效果已生效|70:0:1}
306	1	惊云戒指	惊云戒指	0|0|0|0|0|0|0|0|0|0|0|0|0|0|0|0|0|0|0|0|0|0|0|0|0|0|0|0|0|0|0|0|0|0|0|0|0|0|0|0	0|0|0|0|0|0|0|0|0|0|0|0|0|0|0|0|0|0|0|0|0|0|0|0|0|0|0|0|0|0|0|0|0|0|0|0|0|0|0|0	180|180|0|0|14|14|14|0|0|0|0|0|0|0|0|0|14|14|14|0|0|0|0|0|0|0|0|0|0|0|0|0|0|0|0|0|0|0|0|0	{惊云单件|151:0:1}ぐ{属性激活→|250:0:1}{属性效果已生效|70:0:1}
307	1	霸业戒指	霸业戒指	0|0|0|0|0|0|0|0|0|0|0|0|0|0|0|0|0|0|0|0|0|0|0|0|0|0|0|0|0|0|0|0|0|0|0|0|0|0|0|0	0|0|0|0|0|0|0|0|0|0|0|0|0|0|0|0|0|0|0|0|0|0|0|0|0|0|0|0|0|0|0|0|0|0|0|0|0|0|0|0	200|200|0|0|15|15|15|0|0|0|0|0|0|0|0|0|15|15|15|0|0|0|0|0|0|0|0|0|0|0|0|0|0|0|0|0|0|0|0|0	{霸业单件|151:0:1}ぐ{属性激活→|250:0:1}{属性效果已生效|70:0:1}
308	2	雷霆戒指・戒指	雷霆戒指|雷霆戒指	0|0|0|0|0|0|0|0|0|0|0|0|0|0|0|0|0|0|0|0|0|0|0|0|0|0|0|0|0|0|0|0|0|0|0|0|0|0|0|0	0|0|0|0|0|0|0|0|0|0|0|0|0|0|0|0|0|0|0|0|0|0|0|0|0|0|0|0|0|0|0|0|0|0|0|0|0|0|0|0	10|10|0|0|1|1|1|0|0|0|0|0|0|0|0|0|1|1|1|0|0|0|0|0|0|0|0|0|0|0|0|0|0|0|0|0|0|0|0|0	{雷霆・戒指2件|151:0:1}ぐ{属性激活→|250:0:1}{属性效果已生效|70:0:1}
309	2	战神戒指・戒指	战神戒指|战神戒指	0|0|0|0|0|0|0|0|0|0|0|0|0|0|0|0|0|0|0|0|0|0|0|0|0|0|0|0|0|0|0|0|0|0|0|0|0|0|0|0	0|0|0|0|0|0|0|0|0|0|0|0|0|0|0|0|0|0|0|0|0|0|0|0|0|0|0|0|0|0|0|0|0|0|0|0|0|0|0|0	20|20|0|0|2|2|2|0|0|0|0|0|0|0|0|0|2|2|2|0|0|0|0|0|0|0|0|0|0|0|0|0|0|0|0|0|0|0|0|0	{战神・戒指2件|151:0:1}ぐ{属性激活→|250:0:1}{属性效果已生效|70:0:1}
310	2	狂雷戒指・戒指	狂雷戒指|狂雷戒指	0|0|0|0|0|0|0|0|0|0|0|0|0|0|0|0|0|0|0|0|0|0|0|0|0|0|0|0|0|0|0|0|0|0|0|0|0|0|0|0	0|0|0|0|0|0|0|0|0|0|0|0|0|0|0|0|0|0|0|0|0|0|0|0|0|0|0|0|0|0|0|0|0|0|0|0|0|0|0|0	30|60|0|0|3|3|3|0|0|0|0|0|0|0|0|0|3|3|3|0|0|0|0|0|0|0|0|0|0|0|0|0|0|0|0|0|0|0|0|0	{狂雷・戒指2件|151:0:1}ぐ{属性激活→|250:0:1}{属性效果已生效|70:0:1}
311	2	火龙戒指・戒指	火龙戒指|火龙戒指	0|0|0|0|0|0|0|0|0|0|0|0|0|0|0|0|0|0|0|0|0|0|0|0|0|0|0|0|0|0|0|0|0|0|0|0|0|0|0|0	0|0|0|0|0|0|0|0|0|0|0|0|0|0|0|0|0|0|0|0|0|0|0|0|0|0|0|0|0|0|0|0|0|0|0|0|0|0|0|0	40|40|0|0|4|4|4|0|0|0|0|0|0|0|0|0|4|4|4|0|0|0|0|0|0|0|0|0|0|0|0|0|0|0|0|0|0|0|0|0	{火龙・戒指2件|151:0:1}ぐ{属性激活→|250:0:1}{属性效果已生效|70:0:1}
312	2	青虹戒指・戒指	青虹戒指|青虹戒指	0|0|0|0|0|0|0|0|0|0|0|0|0|0|0|0|0|0|0|0|0|0|0|0|0|0|0|0|0|0|0|0|0|0|0|0|0|0|0|0	0|0|0|0|0|0|0|0|0|0|0|0|0|0|0|0|0|0|0|0|0|0|0|0|0|0|0|0|0|0|0|0|0|0|0|0|0|0|0|0	50|50|0|0|5|5|5|0|0|0|0|0|0|0|0|0|5|5|5|0|0|0|0|0|0|0|0|0|0|0|0|0|0|0|0|0|0|0|0|0	{青虹・戒指2件|151:0:1}ぐ{属性激活→|250:0:1}{属性效果已生效|70:0:1}
313	2	莫邪戒指・戒指	莫邪戒指|莫邪戒指	0|0|0|0|0|0|0|0|0|0|0|0|0|0|0|0|0|0|0|0|0|0|0|0|0|0|0|0|0|0|0|0|0|0|0|0|0|0|0|0	0|0|0|0|0|0|0|0|0|0|0|0|0|0|0|0|0|0|0|0|0|0|0|0|0|0|0|0|0|0|0|0|0|0|0|0|0|0|0|0	60|60|0|0|6|6|6|0|0|0|0|0|0|0|0|0|6|6|6|0|0|0|0|0|0|0|0|0|0|0|0|0|0|0|0|0|0|0|0|0	{莫邪・戒指2件|151:0:1}ぐ{属性激活→|250:0:1}{属性效果已生效|70:0:1}
314	2	龙渊戒指・戒指	龙渊戒指|龙渊戒指	0|0|0|0|0|0|0|0|0|0|0|0|0|0|0|0|0|0|0|0|0|0|0|0|0|0|0|0|0|0|0|0|0|0|0|0|0|0|0|0	0|0|0|0|0|0|0|0|0|0|0|0|0|0|0|0|0|0|0|0|0|0|0|0|0|0|0|0|0|0|0|0|0|0|0|0|0|0|0|0	70|70|0|0|7|7|7|0|0|0|0|0|0|0|0|0|7|7|7|0|0|0|0|0|0|0|0|0|0|0|0|0|0|0|0|0|0|0|0|0	{龙渊・戒指2件|151:0:1}ぐ{属性激活→|250:0:1}{属性效果已生效|70:0:1}
315	2	龙焰戒指・戒指	龙焰戒指|龙焰戒指	0|0|0|0|0|0|0|0|0|0|0|0|0|0|0|0|0|0|0|0|0|0|0|0|0|0|0|0|0|0|0|0|0|0|0|0|0|0|0|0	0|0|0|0|0|0|0|0|0|0|0|0|0|0|0|0|0|0|0|0|0|0|0|0|0|0|0|0|0|0|0|0|0|0|0|0|0|0|0|0	80|80|0|0|8|8|8|0|0|0|0|0|0|0|0|0|8|8|8|0|0|0|0|0|0|0|0|0|0|0|0|0|0|0|0|0|0|0|0|0	{龙焰・戒指2件|151:0:1}ぐ{属性激活→|250:0:1}{属性效果已生效|70:0:1}
316	2	干将戒指・戒指	干将戒指|干将戒指	0|0|0|0|0|0|0|0|0|0|0|0|0|0|0|0|0|0|0|0|0|0|0|0|0|0|0|0|0|0|0|0|0|0|0|0|0|0|0|0	0|0|0|0|0|0|0|0|0|0|0|0|0|0|0|0|0|0|0|0|0|0|0|0|0|0|0|0|0|0|0|0|0|0|0|0|0|0|0|0	90|90|0|0|9|9|9|0|0|0|0|0|0|0|0|0|9|9|9|0|0|0|0|0|0|0|0|0|0|0|0|0|0|0|0|0|0|0|0|0	{干将・戒指2件|151:0:1}ぐ{属性激活→|250:0:1}{属性效果已生效|70:0:1}
317	2	巨阕戒指・戒指	巨阕戒指|巨阕戒指	0|0|0|0|0|0|0|0|0|0|0|0|0|0|0|0|0|0|0|0|0|0|0|0|0|0|0|0|0|0|0|0|0|0|0|0|0|0|0|0	0|0|0|0|0|0|0|0|0|0|0|0|0|0|0|0|0|0|0|0|0|0|0|0|0|0|0|0|0|0|0|0|0|0|0|0|0|0|0|0	100|100|0|0|10|10|10|0|0|0|0|0|0|0|0|0|10|10|10|0|0|0|0|0|0|0|0|0|0|0|0|0|0|0|0|0|0|0|0|0	{巨阕・戒指2件|151:0:1}ぐ{属性激活→|250:0:1}{属性效果已生效|70:0:1}
318	2	湛卢戒指・戒指	湛卢戒指|湛卢戒指	0|0|0|0|0|0|0|0|0|0|0|0|0|0|0|0|0|0|0|0|0|0|0|0|0|0|0|0|0|0|0|0|0|0|0|0|0|0|0|0	0|0|0|0|0|0|0|0|0|0|0|0|0|0|0|0|0|0|0|0|0|0|0|0|0|0|0|0|0|0|0|0|0|0|0|0|0|0|0|0	120|120|0|0|11|11|11|0|0|0|0|0|0|0|0|0|11|11|11|0|0|0|0|0|0|0|0|0|0|0|0|0|0|0|0|0|0|0|0|0	{湛卢・戒指2件|151:0:1}ぐ{属性激活→|250:0:1}{属性效果已生效|70:0:1}
319	2	天煞戒指・戒指	天煞戒指|天煞戒指	0|0|0|0|0|0|0|0|0|0|0|0|0|0|0|0|0|0|0|0|0|0|0|0|0|0|0|0|0|0|0|0|0|0|0|0|0|0|0|0	0|0|0|0|0|0|0|0|0|0|0|0|0|0|0|0|0|0|0|0|0|0|0|0|0|0|0|0|0|0|0|0|0|0|0|0|0|0|0|0	140|140|0|0|12|12|12|0|0|0|0|0|0|0|0|0|12|12|12|0|0|0|0|0|0|0|0|0|0|0|0|0|0|0|0|0|0|0|0|0	{天煞・戒指2件|151:0:1}ぐ{属性激活→|250:0:1}{属性效果已生效|70:0:1}
320	2	英雄戒指・戒指	英雄戒指|英雄戒指	0|0|0|0|0|0|0|0|0|0|0|0|0|0|0|0|0|0|0|0|0|0|0|0|0|0|0|0|0|0|0|0|0|0|0|0|0|0|0|0	0|0|0|0|0|0|0|0|0|0|0|0|0|0|0|0|0|0|0|0|0|0|0|0|0|0|0|0|0|0|0|0|0|0|0|0|0|0|0|0	160|160|0|0|13|13|13|0|0|0|0|0|0|0|0|0|13|13|13|0|0|0|0|0|0|0|0|0|0|0|0|0|0|0|0|0|0|0|0|0	{英雄・戒指2件|151:0:1}ぐ{属性激活→|250:0:1}{属性效果已生效|70:0:1}
321	2	惊云戒指・戒指	惊云戒指|惊云戒指	0|0|0|0|0|0|0|0|0|0|0|0|0|0|0|0|0|0|0|0|0|0|0|0|0|0|0|0|0|0|0|0|0|0|0|0|0|0|0|0	0|0|0|0|0|0|0|0|0|0|0|0|0|0|0|0|0|0|0|0|0|0|0|0|0|0|0|0|0|0|0|0|0|0|0|0|0|0|0|0	180|180|0|0|14|14|14|0|0|0|0|0|0|0|0|0|14|14|14|0|0|0|0|0|0|0|0|0|0|0|0|0|0|0|0|0|0|0|0|0	{惊云・戒指2件|151:0:1}ぐ{属性激活→|250:0:1}{属性效果已生效|70:0:1}
322	2	霸业戒指・戒指	霸业戒指|霸业戒指	0|0|0|0|0|0|0|0|0|0|0|0|0|0|0|0|0|0|0|0|0|0|0|0|0|0|0|0|0|0|0|0|0|0|0|0|0|0|0|0	0|0|0|0|0|0|0|0|0|0|0|0|0|0|0|0|0|0|0|0|0|0|0|0|0|0|0|0|0|0|0|0|0|0|0|0|0|0|0|0	200|200|0|0|15|15|15|0|0|0|0|0|0|0|0|0|15|15|15|0|0|0|0|0|0|0|0|0|0|0|0|0|0|0|0|0|0|0|0|0	{霸业・戒指2件|151:0:1}ぐ{属性激活→|250:0:1}{属性效果已生效|70:0:1}
323	2	雷霆手镯・手镯	雷霆手镯|雷霆手镯	0|0|0|0|0|0|0|0|0|0|0|0|0|0|0|0|0|0|0|0|0|0|0|0|0|0|0|0|0|0|0|0|0|0|0|0|0|0|0|0	0|0|0|0|0|0|0|0|0|0|0|0|0|0|0|0|0|0|0|0|0|0|0|0|0|0|0|0|0|0|0|0|0|0|0|0|0|0|0|0	10|10|0|0|1|1|1|0|0|0|0|0|0|0|0|0|1|1|1|0|0|0|0|0|0|0|0|0|0|0|0|0|0|0|0|0|0|0|0|0	{雷霆・手镯2件|151:0:1}ぐ{属性激活→|250:0:1}{属性效果已生效|70:0:1}
324	2	战神手镯・手镯	战神手镯|战神手镯	0|0|0|0|0|0|0|0|0|0|0|0|0|0|0|0|0|0|0|0|0|0|0|0|0|0|0|0|0|0|0|0|0|0|0|0|0|0|0|0	0|0|0|0|0|0|0|0|0|0|0|0|0|0|0|0|0|0|0|0|0|0|0|0|0|0|0|0|0|0|0|0|0|0|0|0|0|0|0|0	20|20|0|0|2|2|2|0|0|0|0|0|0|0|0|0|2|2|2|0|0|0|0|0|0|0|0|0|0|0|0|0|0|0|0|0|0|0|0|0	{战神・手镯2件|151:0:1}ぐ{属性激活→|250:0:1}{属性效果已生效|70:0:1}
325	2	狂雷手镯・手镯	狂雷手镯|狂雷手镯	0|0|0|0|0|0|0|0|0|0|0|0|0|0|0|0|0|0|0|0|0|0|0|0|0|0|0|0|0|0|0|0|0|0|0|0|0|0|0|0	0|0|0|0|0|0|0|0|0|0|0|0|0|0|0|0|0|0|0|0|0|0|0|0|0|0|0|0|0|0|0|0|0|0|0|0|0|0|0|0	30|60|0|0|3|3|3|0|0|0|0|0|0|0|0|0|3|3|3|0|0|0|0|0|0|0|0|0|0|0|0|0|0|0|0|0|0|0|0|0	{狂雷・手镯2件|151:0:1}ぐ{属性激活→|250:0:1}{属性效果已生效|70:0:1}
326	2	火龙手镯・手镯	火龙手镯|火龙手镯	0|0|0|0|0|0|0|0|0|0|0|0|0|0|0|0|0|0|0|0|0|0|0|0|0|0|0|0|0|0|0|0|0|0|0|0|0|0|0|0	0|0|0|0|0|0|0|0|0|0|0|0|0|0|0|0|0|0|0|0|0|0|0|0|0|0|0|0|0|0|0|0|0|0|0|0|0|0|0|0	40|40|0|0|4|4|4|0|0|0|0|0|0|0|0|0|4|4|4|0|0|0|0|0|0|0|0|0|0|0|0|0|0|0|0|0|0|0|0|0	{火龙・手镯2件|151:0:1}ぐ{属性激活→|250:0:1}{属性效果已生效|70:0:1}
327	2	青虹手镯・手镯	青虹手镯|青虹手镯	0|0|0|0|0|0|0|0|0|0|0|0|0|0|0|0|0|0|0|0|0|0|0|0|0|0|0|0|0|0|0|0|0|0|0|0|0|0|0|0	0|0|0|0|0|0|0|0|0|0|0|0|0|0|0|0|0|0|0|0|0|0|0|0|0|0|0|0|0|0|0|0|0|0|0|0|0|0|0|0	50|50|0|0|5|5|5|0|0|0|0|0|0|0|0|0|5|5|5|0|0|0|0|0|0|0|0|0|0|0|0|0|0|0|0|0|0|0|0|0	{青虹・手镯2件|151:0:1}ぐ{属性激活→|250:0:1}{属性效果已生效|70:0:1}
328	2	莫邪手镯・手镯	莫邪手镯|莫邪手镯	0|0|0|0|0|0|0|0|0|0|0|0|0|0|0|0|0|0|0|0|0|0|0|0|0|0|0|0|0|0|0|0|0|0|0|0|0|0|0|0	0|0|0|0|0|0|0|0|0|0|0|0|0|0|0|0|0|0|0|0|0|0|0|0|0|0|0|0|0|0|0|0|0|0|0|0|0|0|0|0	60|60|0|0|6|6|6|0|0|0|0|0|0|0|0|0|6|6|6|0|0|0|0|0|0|0|0|0|0|0|0|0|0|0|0|0|0|0|0|0	{莫邪・手镯2件|151:0:1}ぐ{属性激活→|250:0:1}{属性效果已生效|70:0:1}
329	2	龙渊手镯・手镯	龙渊手镯|龙渊手镯	0|0|0|0|0|0|0|0|0|0|0|0|0|0|0|0|0|0|0|0|0|0|0|0|0|0|0|0|0|0|0|0|0|0|0|0|0|0|0|0	0|0|0|0|0|0|0|0|0|0|0|0|0|0|0|0|0|0|0|0|0|0|0|0|0|0|0|0|0|0|0|0|0|0|0|0|0|0|0|0	70|70|0|0|7|7|7|0|0|0|0|0|0|0|0|0|7|7|7|0|0|0|0|0|0|0|0|0|0|0|0|0|0|0|0|0|0|0|0|0	{龙渊・手镯2件|151:0:1}ぐ{属性激活→|250:0:1}{属性效果已生效|70:0:1}
330	2	龙焰手镯・手镯	龙焰手镯|龙焰手镯	0|0|0|0|0|0|0|0|0|0|0|0|0|0|0|0|0|0|0|0|0|0|0|0|0|0|0|0|0|0|0|0|0|0|0|0|0|0|0|0	0|0|0|0|0|0|0|0|0|0|0|0|0|0|0|0|0|0|0|0|0|0|0|0|0|0|0|0|0|0|0|0|0|0|0|0|0|0|0|0	80|80|0|0|8|8|8|0|0|0|0|0|0|0|0|0|8|8|8|0|0|0|0|0|0|0|0|0|0|0|0|0|0|0|0|0|0|0|0|0	{龙焰・手镯2件|151:0:1}ぐ{属性激活→|250:0:1}{属性效果已生效|70:0:1}
331	2	干将手镯・手镯	干将手镯|干将手镯	0|0|0|0|0|0|0|0|0|0|0|0|0|0|0|0|0|0|0|0|0|0|0|0|0|0|0|0|0|0|0|0|0|0|0|0|0|0|0|0	0|0|0|0|0|0|0|0|0|0|0|0|0|0|0|0|0|0|0|0|0|0|0|0|0|0|0|0|0|0|0|0|0|0|0|0|0|0|0|0	90|90|0|0|9|9|9|0|0|0|0|0|0|0|0|0|9|9|9|0|0|0|0|0|0|0|0|0|0|0|0|0|0|0|0|0|0|0|0|0	{干将・手镯2件|151:0:1}ぐ{属性激活→|250:0:1}{属性效果已生效|70:0:1}
332	2	巨阕手镯・手镯	巨阕手镯|巨阕手镯	0|0|0|0|0|0|0|0|0|0|0|0|0|0|0|0|0|0|0|0|0|0|0|0|0|0|0|0|0|0|0|0|0|0|0|0|0|0|0|0	0|0|0|0|0|0|0|0|0|0|0|0|0|0|0|0|0|0|0|0|0|0|0|0|0|0|0|0|0|0|0|0|0|0|0|0|0|0|0|0	100|100|0|0|10|10|10|0|0|0|0|0|0|0|0|0|10|10|10|0|0|0|0|0|0|0|0|0|0|0|0|0|0|0|0|0|0|0|0|0	{巨阕・手镯2件|151:0:1}ぐ{属性激活→|250:0:1}{属性效果已生效|70:0:1}
333	2	湛卢手镯・手镯	湛卢手镯|湛卢手镯	0|0|0|0|0|0|0|0|0|0|0|0|0|0|0|0|0|0|0|0|0|0|0|0|0|0|0|0|0|0|0|0|0|0|0|0|0|0|0|0	0|0|0|0|0|0|0|0|0|0|0|0|0|0|0|0|0|0|0|0|0|0|0|0|0|0|0|0|0|0|0|0|0|0|0|0|0|0|0|0	120|120|0|0|11|11|11|0|0|0|0|0|0|0|0|0|11|11|11|0|0|0|0|0|0|0|0|0|0|0|0|0|0|0|0|0|0|0|0|0	{湛卢・手镯2件|151:0:1}ぐ{属性激活→|250:0:1}{属性效果已生效|70:0:1}
334	2	天煞手镯・手镯	天煞手镯|天煞手镯	0|0|0|0|0|0|0|0|0|0|0|0|0|0|0|0|0|0|0|0|0|0|0|0|0|0|0|0|0|0|0|0|0|0|0|0|0|0|0|0	0|0|0|0|0|0|0|0|0|0|0|0|0|0|0|0|0|0|0|0|0|0|0|0|0|0|0|0|0|0|0|0|0|0|0|0|0|0|0|0	140|140|0|0|12|12|12|0|0|0|0|0|0|0|0|0|12|12|12|0|0|0|0|0|0|0|0|0|0|0|0|0|0|0|0|0|0|0|0|0	{天煞・手镯2件|151:0:1}ぐ{属性激活→|250:0:1}{属性效果已生效|70:0:1}
335	2	英雄手镯・手镯	英雄手镯|英雄手镯	0|0|0|0|0|0|0|0|0|0|0|0|0|0|0|0|0|0|0|0|0|0|0|0|0|0|0|0|0|0|0|0|0|0|0|0|0|0|0|0	0|0|0|0|0|0|0|0|0|0|0|0|0|0|0|0|0|0|0|0|0|0|0|0|0|0|0|0|0|0|0|0|0|0|0|0|0|0|0|0	160|160|0|0|13|13|13|0|0|0|0|0|0|0|0|0|13|13|13|0|0|0|0|0|0|0|0|0|0|0|0|0|0|0|0|0|0|0|0|0	{英雄・手镯2件|151:0:1}ぐ{属性激活→|250:0:1}{属性效果已生效|70:0:1}
336	2	惊云手镯・手镯	惊云手镯|惊云手镯	0|0|0|0|0|0|0|0|0|0|0|0|0|0|0|0|0|0|0|0|0|0|0|0|0|0|0|0|0|0|0|0|0|0|0|0|0|0|0|0	0|0|0|0|0|0|0|0|0|0|0|0|0|0|0|0|0|0|0|0|0|0|0|0|0|0|0|0|0|0|0|0|0|0|0|0|0|0|0|0	180|180|0|0|14|14|14|0|0|0|0|0|0|0|0|0|14|14|14|0|0|0|0|0|0|0|0|0|0|0|0|0|0|0|0|0|0|0|0|0	{惊云・手镯2件|151:0:1}ぐ{属性激活→|250:0:1}{属性效果已生效|70:0:1}
337	2	霸业手镯・手镯	霸业手镯|霸业手镯	0|0|0|0|0|0|0|0|0|0|0|0|0|0|0|0|0|0|0|0|0|0|0|0|0|0|0|0|0|0|0|0|0|0|0|0|0|0|0|0	0|0|0|0|0|0|0|0|0|0|0|0|0|0|0|0|0|0|0|0|0|0|0|0|0|0|0|0|0|0|0|0|0|0|0|0|0|0|0|0	200|200|0|0|15|15|15|0|0|0|0|0|0|0|0|0|15|15|15|0|0|0|0|0|0|0|0|0|0|0|0|0|0|0|0|0|0|0|0|0	{霸业・手镯2件|151:0:1}ぐ{属性激活→|250:0:1}{属性效果已生效|70:0:1}
338	1	切割指环・Lv1	切割指环・Lv1	0|0|0|0|0|0|0|0|0|0|0|0|0|0|0|0|0|0|0|0|0|0|0|0|0|0|0|0|0|0|0|0|0|0|0|0|0|0|0|0	0|0|0|0|0|0|0|0|0|0|0|0|0|0|0|0|0|0|0|0|0|0|0|0|0|0|0|0|0|0|0|0|0|0|0|0|0|0|0|0	0|0|0|0|0|0|0|0|0|0|0|0|0|0|0|0|0|0|0|0|0|0|0|0|0|0|0|0|0|0|0|0|0|0|0|0|0|0|0|0	{切割指环・Lv1|151:0:1}ぐ{属性激活→|250:0:1}{属性效果已生效|70:0:1}
339	1	切割指环・Lv2	切割指环・Lv2	0|0|0|0|0|0|0|0|0|0|0|0|0|0|0|0|0|0|0|0|0|0|0|0|0|0|0|0|0|0|0|0|0|0|0|0|0|0|0|0	0|0|0|0|0|0|0|0|0|0|0|0|0|0|0|0|0|0|0|0|0|0|0|0|0|0|0|0|0|0|0|0|0|0|0|0|0|0|0|0	0|0|0|0|0|0|0|0|0|0|0|0|0|0|0|0|0|0|0|0|0|0|0|0|0|0|0|0|0|0|0|0|0|0|0|0|0|0|0|0	{切割指环・Lv2|151:0:1}ぐ{属性激活→|250:0:1}{属性效果已生效|70:0:1}
340	1	切割指环・Lv3	切割指环・Lv3	0|0|0|0|0|0|0|0|0|0|0|0|0|0|0|0|0|0|0|0|0|0|0|0|0|0|0|0|0|0|0|0|0|0|0|0|0|0|0|0	0|0|0|0|0|0|0|0|0|0|0|0|0|0|0|0|0|0|0|0|0|0|0|0|0|0|0|0|0|0|0|0|0|0|0|0|0|0|0|0	0|0|0|0|0|0|0|0|0|0|0|0|0|0|0|0|0|0|0|0|0|0|0|0|0|0|0|0|0|0|0|0|0|0|0|0|0|0|0|0	{切割指环・Lv3|151:0:1}ぐ{属性激活→|250:0:1}{属性效果已生效|70:0:1}
341	1	切割指环・Lv4	切割指环・Lv4	0|0|0|0|0|0|0|0|0|0|0|0|0|0|0|0|0|0|0|0|0|0|0|0|0|0|0|0|0|0|0|0|0|0|0|0|0|0|0|0	0|0|0|0|0|0|0|0|0|0|0|0|0|0|0|0|0|0|0|0|0|0|0|0|0|0|0|0|0|0|0|0|0|0|0|0|0|0|0|0	0|0|0|0|0|0|0|0|0|0|0|0|0|0|0|0|0|0|0|0|0|0|0|0|0|0|0|0|0|0|0|0|0|0|0|0|0|0|0|0	{切割指环・Lv4|151:0:1}ぐ{属性激活→|250:0:1}{属性效果已生效|70:0:1}
342	1	切割指环・Lv5	切割指环・Lv5	0|0|0|0|0|0|0|0|0|0|0|0|0|0|0|0|0|0|0|0|0|0|0|0|0|0|0|0|0|0|0|0|0|0|0|0|0|0|0|0	0|0|0|0|0|0|0|0|0|0|0|0|0|0|0|0|0|0|0|0|0|0|0|0|0|0|0|0|0|0|0|0|0|0|0|0|0|0|0|0	0|0|0|0|0|0|0|0|0|0|0|0|0|0|0|0|0|0|0|0|0|0|0|0|0|0|0|0|0|0|0|0|0|0|0|0|0|0|0|0	{切割指环・Lv5|151:0:1}ぐ{属性激活→|250:0:1}{属性效果已生效|70:0:1}
343	1	常山赵子龙也[时装]	常山赵子龙也[时装]	0|0|0|0|0|0|0|0|0|0|0|0|0|0|0|0|0|0|0|0|0|0|0|0|0|0|0|0|0|0|0|0|0|0|0|0|0|0|0|0	3|3|3|3|0|0|0|0|0|0|0|0|0|0|3|3|0|0|0|0|0|0|0|0|0|0|0|0|0|0|0|0|0|0|0|0|0|0|0|0	0|0|0|0|0|0|0|0|0|0|0|0|0|0|0|0|0|0|0|0|0|0|0|0|0|0|0|0|0|0|0|0|0|0|0|0|0|0|0|0	
344	1	常山赵子龙也[时装]　	常山赵子龙也[时装]　	0|0|0|0|0|0|0|0|0|0|0|0|0|0|0|0|0|0|0|0|0|0|0|0|0|0|0|0|0|0|0|0|0|0|0|0|0|0|0|0	3|3|3|3|0|0|0|0|0|0|0|0|0|0|3|3|0|0|0|0|0|0|0|0|0|0|0|0|0|0|0|0|0|0|0|0|0|0|0|0	0|0|0|0|0|0|0|0|0|0|0|0|0|0|0|0|0|0|0|0|0|0|0|0|0|0|0|0|0|0|0|0|0|0|0|0|0|0|0|0	
345	1	天下无双吕布[时装]	天下无双吕布[时装]	0|0|0|0|0|0|0|0|0|0|0|0|0|0|0|0|0|0|0|0|0|0|0|0|0|0|0|0|0|0|0|0|0|0|0|0|0|0|0|0	8|8|8|8|0|0|0|0|0|0|0|0|0|0|8|8|0|0|0|0|0|0|0|0|0|0|0|0|0|0|0|0|0|0|0|0|0|0|0|0	300|300|0|0|0|0|0|0|0|0|0|0|0|0|0|0|0|0|0|0|0|0|0|0|0|0|0|0|0|0|0|0|0|0|0|0|0|0|0|0	
346	1	天下无双吕布[时装]　	天下无双吕布[时装]　	0|0|0|0|0|0|0|0|0|0|0|0|0|0|0|0|0|0|0|0|0|0|0|0|0|0|0|0|0|0|0|0|0|0|0|0|0|0|0|0	8|8|8|8|0|0|0|0|0|0|0|0|0|0|8|8|0|0|0|0|0|0|0|0|0|0|0|0|0|0|0|0|0|0|0|0|0|0|0|0	0|0|0|0|0|0|0|0|0|0|0|0|0|0|0|0|0|0|0|0|0|0|0|0|0|0|0|0|0|0|0|0|0|0|0|0|0|0|0|0	
347	1	二级时装[男]	二级时装[男]	0|0|0|0|0|0|0|0|0|0|0|0|0|0|0|0|0|0|0|0|0|0|0|0|0|0|0|0|0|0|0|0|0|0|0|0|0|0|0|0	8|8|8|8|0|0|0|0|0|0|0|0|0|0|8|8|0|0|0|0|0|0|0|0|0|0|0|0|0|0|0|0|0|0|0|0|0|0|0|0	0|0|0|0|0|0|0|0|0|0|0|0|0|0|0|0|0|0|0|0|0|0|0|0|0|0|0|0|0|0|0|0|0|0|0|0|0|0|0|0	
349	1	德玛西亚盖伦[时装]	德玛西亚盖伦[时装]	0|0|0|0|0|0|0|0|0|0|0|0|0|0|0|0|0|0|0|0|0|0|0|0|0|0|0|0|0|0|0|0|0|0|0|0|0|0|0|0	18|18|18|18|0|0|0|0|0|0|0|0|0|0|18|18|0|0|0|0|0|0|0|0|0|0|0|0|0|0|0|0|0|0|0|0|0|0|0|0	0|0|0|0|0|0|0|0|0|0|0|0|0|0|0|0|0|0|0|0|0|0|0|0|0|0|0|0|0|0|0|0|0|0|0|0|0|0|0|0	
350	1	德玛西亚盖伦[时装]　	德玛西亚盖伦[时装]　	0|0|0|0|0|0|0|0|0|0|0|0|0|0|0|0|0|0|0|0|0|0|0|0|0|0|0|0|0|0|0|0|0|0|0|0|0|0|0|0	18|18|18|18|0|0|0|0|0|0|0|0|0|0|18|18|0|0|0|0|0|0|0|0|0|0|0|0|0|0|0|0|0|0|0|0|0|0|0|0	0|0|0|0|0|0|0|0|0|0|0|0|0|0|0|0|0|0|0|0|0|0|0|0|0|0|0|0|0|0|0|0|0|0|0|0|0|0|0|0	
351	1	德玛西亚皇子[时装]	德玛西亚皇子[时装]	0|0|0|0|0|0|0|0|0|0|0|0|0|0|0|0|0|0|0|0|0|0|0|0|0|0|0|0|0|0|0|0|0|0|0|0|0|0|0|0	25|25|25|25|0|0|0|0|0|0|0|0|0|0|25|25|0|0|0|0|0|0|0|0|0|0|0|0|0|0|0|0|0|0|0|0|0|0|0|0	0|0|0|0|0|0|0|0|0|0|0|0|0|0|0|0|0|0|0|0|0|0|0|0|0|0|0|0|0|0|0|0|0|0|0|0|0|0|0|0	
352	1	德玛西亚皇子[时装]　	德玛西亚皇子[时装]　	0|0|0|0|0|0|0|0|0|0|0|0|0|0|0|0|0|0|0|0|0|0|0|0|0|0|0|0|0|0|0|0|0|0|0|0|0|0|0|0	25|25|25|25|0|0|0|0|0|0|0|0|0|0|25|25|0|0|0|0|0|0|0|0|0|0|0|0|0|0|0|0|0|0|0|0|0|0|0|0	0|0|0|0|0|0|0|0|0|0|0|0|0|0|0|0|0|0|0|0|0|0|0|0|0|0|0|0|0|0|0|0|0|0|0|0|0|0|0|0	
353	1	二级时装[女]	二级时装[女]	0|0|0|0|0|0|0|0|0|0|0|0|0|0|0|0|0|0|0|0|0|0|0|0|0|0|0|0|0|0|0|0|0|0|0|0|0|0|0|0	8|8|8|8|0|0|0|0|0|0|0|0|0|0|8|8|0|0|0|0|0|0|0|0|0|0|0|0|0|0|0|0|0|0|0|0|0|0|0|0	0|0|0|0|0|0|0|0|0|0|0|0|0|0|0|0|0|0|0|0|0|0|0|0|0|0|0|0|0|0|0|0|0|0|0|0|0|0|0|0	
354	1	三级时装[女]	三级时装[女]	0|0|0|0|0|0|0|0|0|0|0|0|0|0|0|0|0|0|0|0|0|0|0|0|0|0|0|0|0|0|0|0|0|0|0|0|0|0|0|0	13|13|13|13|0|0|0|0|0|0|0|0|0|0|13|13|0|0|0|0|0|0|0|0|0|0|0|0|0|0|0|0|0|0|0|0|0|0|0|0	0|0|0|0|0|0|0|0|0|0|0|0|0|0|0|0|0|0|0|0|0|0|0|0|0|0|0|0|0|0|0|0|0|0|0|0|0|0|0|0	
355	1	三级时装[男]	三级时装[男]	0|0|0|0|0|0|0|0|0|0|0|0|0|0|0|0|0|0|0|0|0|0|0|0|0|0|0|0|0|0|0|0|0|0|0|0|0|0|0|0	13|13|13|13|0|0|0|0|0|0|0|0|0|0|13|13|0|0|0|0|0|0|0|0|0|0|0|0|0|0|0|0|0|0|0|0|0|0|0|0	0|0|0|0|0|0|0|0|0|0|0|0|0|0|0|0|0|0|0|0|0|0|0|0|0|0|0|0|0|0|0|0|0|0|0|0|0|0|0|0	
356	1	一级时装[男]	一级时装[男]	0|0|0|0|0|0|0|0|0|0|0|0|0|0|0|0|0|0|0|0|0|0|0|0|0|0|0|0|0|0|0|0|0|0|0|0|0|0|0|0	3|3|3|3|0|0|0|0|0|0|0|0|0|0|3|3|0|0|0|0|0|0|0|0|0|0|0|0|0|0|0|0|0|0|0|0|0|0|0|0	0|0|0|0|0|0|0|0|0|0|0|0|0|0|0|0|0|0|0|0|0|0|0|0|0|0|0|0|0|0|0|0|0|0|0|0|0|0|0|0	
357	1	一级时装[女]	一级时装[女]	0|0|0|0|0|0|0|0|0|0|0|0|0|0|0|0|0|0|0|0|0|0|0|0|0|0|0|0|0|0|0|0|0|0|0|0|0|0|0|0	3|3|3|3|0|0|0|0|0|0|0|0|0|0|3|3|0|0|0|0|0|0|0|0|0|0|0|0|0|0|0|0|0|0|0|0|0|0|0|0	0|0|0|0|0|0|0|0|0|0|0|0|0|0|0|0|0|0|0|0|0|0|0|0|0|0|0|0|0|0|0|0|0|0|0|0|0|0|0|0	
359	1	四级时装[女]	四级时装[女]	0|0|0|0|0|0|0|0|0|0|0|0|0|0|0|0|0|0|0|0|0|0|0|0|0|0|0|0|0|0|0|0|0|0|0|0|0|0|0|0	18|18|18|18|0|0|0|0|0|0|0|0|0|0|18|18|0|0|0|0|0|0|0|0|0|0|0|0|0|0|0|0|0|0|0|0|0|0|0|0	0|0|0|0|0|0|0|0|0|0|0|0|0|0|0|0|0|0|0|0|0|0|0|0|0|0|0|0|0|0|0|0|0|0|0|0|0|0|0|0	
358	1	四级时装[男]	四级时装[男]	0|0|0|0|0|0|0|0|0|0|0|0|0|0|0|0|0|0|0|0|0|0|0|0|0|0|0|0|0|0|0|0|0|0|0|0|0|0|0|0	18|18|18|18|0|0|0|0|0|0|0|0|0|0|18|18|0|0|0|0|0|0|0|0|0|0|0|0|0|0|0|0|0|0|0|0|0|0|0|0	0|0|0|0|0|0|0|0|0|0|0|0|0|0|0|0|0|0|0|0|0|0|0|0|0|0|0|0|0|0|0|0|0|0|0|0|0|0|0|0	
