;边界村（比奇新人村）
;--------------------------------------------------
0	289	618    0       4        4      0       0

;银杏山谷（银杏新人村）
;--------------------------------------------------
0	650	631    0       4        4      0       0

0	650	631    0       4        4      0       0


;比奇城
;--------------------------------------------------
0	329	269     0       12        4      0       0

;毒蛇山谷村庄
;--------------------------------------------------
2	503	483     0       10        4      0       0   

;白日门
;--------------------------------------------------
11	179	327     0       10       4      0       0

;红名村
;--------------------------------------------------
3	850	675     0       8        4      0       0

;封魔谷
;--------------------------------------------------
4	241	201     0       10        4      0       0

;苍月岛
;--------------------------------------------------
5	140	335     0       10        4      0       0

;小安全区
;--------------------------------------------------
XTC 353      336      0      4         4      0       0
;盟重土城
;--------------------------------------------------
xtc	332	342     0       12       4      0       0