500
500
500
100
100
100
100
100
100
100
100
100
200
200
200
200
200
200
200
200
200
300
300
300
300
300
300
300
300
300
400
400
400
400
400
400
400
400
400
500
500
500
500
500
500
500
500
500
600
600
600
600
600
600
600
600
600
800
800
800
800
800
800
800
800
800
800
800
800
800
800
800
800
800
800
800
800
800
1000
1000
1000
1000
1000
1000
1000
1000
1000
1500
1500
1500
1500
1500
1500
1500
1500
1500
1800
1800
1800
1800
1800
1800
1800
1800
1800
2000
2000
2000
2000
2000
2000
2000
2000
2000
2000
2000
2000
2000
2000
2000
2000
2000
2000
2000
2000
2000
2500
2500
2500
2500
2500
2500
2500
2500
2500
3000
3000
3000
3000
3000
3000
3000
3000
3000
4500
4500
4500
4500
4500
4500
4500
4500
4500
6500
6500
6500
6500
6500
6500
6500
6500
6500
3000
6000
6000
6000
6666
6666